File Path: C:\Users\apk5101\Desktop\Sandra\Oven_Coated_2 01-8-24 11 12 58 AM\DAQ- Crosshead, … - (Timed).txt   
Test: MTS EM Tension (Simplified) with Video Extensometer apk5101 25
Test Run: Oven_Coated_2
Date: 1/8/2024 11:06:16 AM


Crosshead 	Load 	Time 	Strain 1 	Video Time 
mm	N	sec	mm/mm	sec
-0.000119117203212227	-0.0800774842500687	0.112000003457069	1.86571996891871E-05	4.19990015029907
5.95586016061134E-05	-0.12161535769701	0.211999997496605	-1.01508003353956E-05	4.29990005493164
0.000476468812848907	-0.102282479405403	0.312000006437302	-1.01508003353956E-05	4.39989995956421
0.00125073063372838	0.0333653688430786	0.412000000476837	-1.79869002749911E-05	4.49989986419678
0.00238234406424453	0.242977529764175	0.512000024318695	1.0620399734762E-05	4.60129976272583
0.0035735160963668	0.459792524576187	0.611999988555908	2.51679989560216E-06	4.69990015029907
0.00446689500677167	0.666002690792084	0.712000012397766	3.709700104082E-05	4.79990005493164
0.00541983263246948	0.900766670703888	0.811999976634979	3.709700104082E-05	4.89989995956421
0.0064918876887532	1.09624350070953	0.912000000476837	6.50338988634758E-05	5.09989976882935
0.00756394229028956	1.31452476978302	1.01199996471405	9.66687002801336E-05	5.09989976882935
0.00857643863128033	1.5218722820282	1.11199998855591	0.000102220001281239	5.19990015029907
0.00941025882639224	1.65266680717468	1.21200001239777	0.000127902007079683	5.29979991912842
0.0103036381915445	1.77897822856903	1.31200003623962	0.000187715006177314	5.39989995956421
0.0111374583866564	1.93572008609772	1.41199994087219	0.000192371997400187	5.49989986419678
0.0121499542728998	2.10939335823059	1.51199996471405	0.000192371997400187	5.59989976882935
0.0131624510686379	2.33999252319336	1.61199998855591	0.000167892998433672	5.69990015029907
0.0140558295242954	2.52285623550415	1.71200001239777	0.000210174999665469	5.79990005493164
0.0150087671499932	2.73441410064697	1.81200003623962	0.000219060995732434	5.89989995956421
0.0157830290845595	2.90085887908936	1.91199994087219	0.00024809199385345	5.99989986419678
0.0166168501891661	3.02595448493958	2.01200008392334	0.000290285999653861	6.09980010986328
0.0174506694747834	3.15704798698425	2.11199998855591	0.000278452993370593	6.19990015029907
0.0181653740582988	3.28775525093079	2.21199989318848	0.000278452993370593	6.29990005493164
0.0189396359928651	3.41427326202393	2.31200003623962	0.000313842989271507	6.39989995956421
0.0198330144485226	3.56627440452576	2.41199994087219	0.000305249996017665	6.49980020523071
0.0208455112442607	3.75655007362366	2.51200008392334	0.00031796601251699	6.59980010986328
0.0217984470509691	3.97411799430847	2.61199998855591	0.000329406990204006	6.69980001449585
0.022691827325616	4.15070533752441	2.71199989318848	0.000329406990204006	6.79990005493164
0.0234660892601823	4.31068754196167	2.81200003623962	0.000382992002414539	6.89979982376099
0.0241807920247084	4.42814350128174	2.91199994087219	0.000382992002414539	6.99989986419678
0.0248954947892344	4.52699995040894	3.01200008392334	0.000457671005278826	7.09980010986328
0.0256101975537604	4.63276290893555	3.11199998855591	0.000457446003565565	7.19990015029907
0.0266226943494985	4.78671312332153	3.21199989318848	0.000431346008554101	7.29990005493164
0.0274565154541051	4.95569324493408	3.31200003623962	0.000403018988436088	7.39989995956421
0.0283498939097626	5.11861991882324	3.41199994087219	0.000403018988436088	7.49989986419678
0.0292432723654201	5.29653692245483	3.51200008392334	0.00049087597290054	7.59980010986328
0.0301962099911179	5.50258588790894	3.61199998855591	0.00049087597290054	7.69990015029907
0.0310300310957246	5.66438055038452	3.71199989318848	0.000496272987220436	7.79990005493164
0.0319234095513821	5.82152032852173	3.81200003623962	0.000502886017784476	7.89979982376099
0.0326381123159081	5.94540596008301	3.91199994087219	0.000502886017784476	7.99980020523071
0.0333528150804341	6.05597114562988	4.01200008392334	0.000570563017390668	8.09980010986328
0.0341866361850407	6.1689248085022	4.11199998855591	0.000570563017390668	8.19979953765869
0.0349013389495667	6.31094455718994	4.21199989318848	0.000583996006753296	8.29979991912842
0.0358542783942539	6.49116039276123	4.31199979782104	0.000583996006753296	8.39990043640137
0.0366285385098308	6.64569616317749	4.41200017929077	0.000702864024788141	8.49979972839355
0.0374623596144374	6.82563257217407	4.51200008392334	0.000673824979458004	8.5999002456665
0.038355738070095	6.98063182830811	4.61199998855591	0.000673824979458004	8.69979953765869
0.0392491165257525	7.15488243103027	4.71199989318848	0.000690152985043824	8.89980030059814
0.0399638229282573	7.25588846206665	4.81199979782104	0.000714592984877527	8.89980030059814
0.0408572013839148	7.4113621711731	4.91200017929077	0.000729443971067667	8.99979972839355
0.0416910224885214	7.52708673477173	5.01200008392334	0.00074555998435244	9.09980010986328
0.0424057252530474	7.63287401199341	5.11199998855591	0.000786011980380863	9.19979953765869
0.0431799853686243	7.77270174026489	5.21199989318848	0.000785593001637608	9.29979991912842
0.04395424912218	7.91168880462646	5.31199979782104	0.000785593001637608	9.39980030059814
0.0448476275778376	8.08525085449219	5.41200017929077	0.000773389008827507	9.49979972839355
0.0457410060334951	8.26596260070801	5.51200008392334	0.000773389008827507	9.60000038146973
0.0466939418402035	8.43417167663574	5.61199998855591	0.000815598003100604	9.69979953765869
0.0475277629448101	8.56193828582764	5.71199989318848	0.000863167981151491	9.79979991912842
0.0483020266983658	8.6769380569458	5.81199979782104	0.000856151978950948	9.89980030059814
0.0491358441649936	8.79267120361328	5.91200017929077	0.000906327972188592	9.99979972839355
0.0499696652696002	8.90435695648193	6.01200008392334	0.000906327972188592	10.0998001098633
0.0507439290231559	9.04885673522949	6.11199998855591	0.000917149009183049	10.1997995376587
0.0515181891387329	9.20596504211426	6.21199989318848	0.000917149009183049	10.2999000549316
0.0524711285834201	9.38496494293213	6.31199979782104	0.000860226980876178	10.3998003005981
0.0533049496880267	9.57218074798584	6.41200017929077	0.000854207028169185	10.4997997283936
0.0540792098036036	9.6998815536499	6.51200008392334	0.000854207028169185	10.5996999740601
0.055032145610312	9.86693477630615	6.61199998855591	0.000938680022954941	10.6997995376587
0.0559255277039483	10.0081663131714	6.71199989318848	0.000938680022954941	10.7997999191284
0.0566997878195252	10.1091203689575	6.81199979782104	0.00100097001995891	10.8998003005981
0.0574740515730809	10.2096548080444	6.91200017929077	0.00103450997266918	10.9997997283936
0.0583078690397087	10.3458824157715	7.01200008392334	0.00108684995211661	11.0998001098633
0.0591416901443154	10.5047092437744	7.11199998855591	0.00106549996417016	11.1997995376587
0.059975511248922	10.6473226547241	7.21199989318848	0.00106549996417016	11.2996997833252
0.0609284470556304	10.8252458572388	7.31199979782104	0.00109014997724444	11.3998003005981
0.0617027108091861	10.9643335342407	7.41200017929077	0.00109014997724444	11.4996995925903
0.0625365282758139	11.1151075363159	7.51200008392334	0.00109058001544327	11.5998001098633
0.0636085824226029	11.2805252075195	7.61199998855591	0.00110740994568914	11.6997003555298
0.0643232924630865	11.3755674362183	7.71199989318848	0.00107647001277655	11.7999000549316
0.0650975489406846	11.472373008728	7.81199979782104	0.00112436001654714	11.8998003005981
0.0659313736832701	11.6121501922607	7.91200017929077	0.00112436001654714	11.9996995925903
0.0668247521389276	11.7495145797729	8.01200008392334	0.00112986995372921	12.0996999740601
0.0675990086165257	11.8952980041504	8.11200046539307	0.00115052994806319	12.1997003555298
0.0684328333591111	12.0636215209961	8.21199989318848	0.00116718001663685	12.2997999191284
0.0691475361236371	12.1879014968872	8.3120002746582	0.00117440999019891	12.3997001647949
0.0698622388881631	12.2999620437622	8.41199970245361	0.00117440999019891	12.4996995925903
0.0708151783328503	12.4531879425049	8.51200008392334	0.00134217995218933	12.5996999740601
0.0717085567885078	12.5646467208862	8.61200046539307	0.00134217995218933	12.6997995376587
0.0725423742551357	12.6938152313232	8.71199989318848	0.00135152996517718	12.7996997833252
0.0733166380086914	12.7971687316895	8.8120002746582	0.00137970002833754	12.8998003005981
0.0740909017622471	12.914644241333	8.91199970245361	0.00137970002833754	12.9997997283936
0.0750438339309767	13.0875148773193	9.01200008392334	0.00128603004850447	13.0996999740601
0.0758776586735621	13.2549896240234	9.11200046539307	0.00128603004850447	13.1997995376587
0.0768305981182493	13.4169082641602	9.21199989318848	0.00132176000624895	13.2996997833252
0.0776644155848771	13.5563449859619	9.3120002746582	0.00132176000624895	13.3997001647949
0.0784982330515049	13.6926164627075	9.41199970245361	0.00132637994829565	13.4996004104614
0.0793320577940904	13.805775642395	9.51200008392334	0.00149388995487243	13.5996999740601
0.0801658752607182	13.922550201416	9.61200046539307	0.00149388995487243	13.6997003555298
0.0809997000033036	14.0316534042358	9.71199989318848	0.0013645599829033	13.7997999191284
0.0818930784589611	14.1612768173218	9.8120002746582	0.0013645599829033	13.8996000289917
0.0826077812234871	14.2959327697754	9.91199970245361	0.00139276997651905	13.9996995925903
0.0833224839880131	14.4081516265869	10.0120000839233	0.00139276997651905	14.0996999740601
0.0841563014546409	14.5512323379517	10.1120004653931	0.00145575997885317	14.1997003555298
0.0849901261972263	14.6925973892212	10.2119998931885	0.00145835999865085	14.2996997833252
0.0857643826748244	14.7923545837402	10.3120002746582	0.00145835999865085	14.3997001647949
0.0867768831085414	14.9339332580566	10.4119997024536	0.00148401001933962	14.4997997283936
0.0876107005751692	15.0507488250732	10.5120000839233	0.00148401001933962	14.5996999740601
0.0884445253177546	15.1489276885986	10.6120004653931	0.00145580002572387	14.6997003555298
0.0892783427843824	15.2805995941162	10.7119998931885	0.00153587001841515	14.7996997833252
0.0899930455489084	15.3734884262085	10.8120002746582	0.00153587001841515	14.8997001647949
0.0907673093024641	15.5080547332764	10.9119997024536	0.00163623003754765	14.9998998641968
0.0916606877581216	15.6585378646851	11.0120000839233	0.00163623003754765	15.0998001098633
0.0923753905226476	15.7802476882935	11.1120004653931	0.00166989001445472	15.299599647522
0.093387883680407	15.9288454055786	11.2119998931885	0.00168175995349884	15.299599647522
0.0942217084229924	16.0665817260742	11.3120002746582	0.00172523001674563	15.3997001647949
0.0948768501984887	16.1154727935791	11.4119997024536	0.00174743996467441	15.4996995925903
0.0960680263233371	16.311107635498	11.5120000839233	0.00174743996467441	15.5996999740601
0.0967231680988334	16.414119720459	11.6120004653931	0.00178666005376726	15.6997003555298
0.0974378708633594	16.5106658935547	11.7119998931885	0.00178666005376726	15.7996997833252
0.0983908103080466	16.6788730621338	11.8120002746582	0.0018224100349471	15.8997001647949
0.0991650740616024	16.8056640625	11.9119997024536	0.0018224100349471	15.9996995925903
0.0999988915282302	16.9355411529541	12.0120000839233	0.00184531998820603	16.0995998382568
0.100832708994858	17.0600109100342	12.1120004653931	0.00182801997289062	16.1996002197266
0.101726087450515	17.1720275878906	12.2119998931885	0.00182801997289062	16.2996997833252
0.102619465906173	17.2825622558594	12.3120002746582	0.00186580000445247	16.3997001647949
0.10363196633989	17.4002075195313	12.4119997024536	0.00186580000445247	16.4997005462646
0.104406230093446	17.5106582641602	12.5120000839233	0.00191939005162567	16.5995998382568
0.105299608549103	17.6453342437744	12.6120004653931	0.00192702002823353	16.6996002197266
0.105954750324599	17.7656421661377	12.7119998931885	0.00192702002823353	16.7996006011963
0.106788575067185	17.8859767913818	12.8120002746582	0.00194521003868431	16.8995990753174
0.107562831544783	18.0083332061768	12.9119997024536	0.00194521003868431	16.9995994567871
0.108337095298339	18.1156787872314	13.0120000839233	0.00191864999942482	17.0995998382568
0.109111359051894	18.2243061065674	13.1120004653931	0.00195629009976983	17.1996002197266
0.110004737507552	18.3311328887939	13.2119998931885	0.00198881002143025	17.2996006011963
0.110779001261108	18.4094715118408	13.3120002746582	0.00199139001779258	17.3995990753174
0.1120892848121	18.5938758850098	13.4119997024536	0.00199139001779258	17.4997005462646
0.112744433863554	18.7102165222168	13.5120000839233	0.00202841009013355	17.5995998382568
0.113340014650021	18.7923717498779	13.6120004653931	0.00202841009013355	17.6996002197266
0.114352515083738	18.9541149139404	13.7119998931885	0.00206410000100732	17.7996006011963
0.115007656859234	19.0652179718018	13.8120002746582	0.00206410000100732	17.8995990753174
0.115543683932628	19.1295547485352	13.9119997024536	0.00218575005419552	17.9995994567871
0.116556184366345	19.2539443969727	14.0120000839233	0.0021343301050365	18.0995998382568
0.117509116535075	19.3857021331787	14.1120004653931	0.0021343301050365	18.1996002197266
0.11834294127766	19.4966659545898	14.2119998931885	0.00217606988735497	18.3995990753174
0.11935543443542	19.6446800231934	14.3120002746582	0.00215173000469804	18.3995990753174
0.120248812891077	19.760082244873	14.4119997024536	0.00216787005774677	18.4995994567871
0.120903961942531	19.8610858917236	14.5120000839233	0.00218524993397295	18.5995998382568
0.121678218420129	19.9982986450195	14.6120004653931	0.00218524993397295	18.6996002197266
0.122631157864816	20.1355648040771	14.7119998931885	0.0021656199824065	18.7996006011963
0.123345860629342	20.2605075836182	14.8120002746582	0.0021656199824065	18.8995990753174
0.124060563393869	20.3506183624268	14.9119997024536	0.00228746002539992	18.9995002746582
0.125073056551628	20.4654731750488	15.0120000839233	0.00229882006533444	19.0995998382568
0.126026003272273	20.5912113189697	15.1120004653931	0.00233125989325345	19.199499130249
0.126859813462943	20.6852798461914	15.2119998931885	0.00232819002121687	19.2996006011963
0.127693638205528	20.7873458862305	15.3120002746582	0.00232819002121687	19.3995990753174
0.128587023937143	20.924503326416	15.4119997024536	0.00235659000463784	19.4995994567871
0.129539956105873	21.090295791626	15.5120000839233	0.00235659000463784	19.5995998382568
0.130373780848458	21.2211666107178	15.6120004653931	0.00238165003247559	19.6996002197266
0.131088483612984	21.3198413848877	15.7119998931885	0.00242404011078179	19.7994995117188
0.13186274736654	21.430383682251	15.8120002746582	0.00244047003798187	19.8995990753174
0.13275611854624	21.5226097106934	15.9119997024536	0.00249995989724994	19.9995994567871
0.133589943288825	21.5872402191162	16.011999130249	0.00249995989724994	20.0995006561279
0.134423768031411	21.7085285186768	16.1119995117188	0.00246837991289794	20.2996006011963
0.13537670020014	21.8320941925049	16.2119998931885	0.00247225002385676	20.2996006011963
0.136091402964666	21.9205646514893	16.3120002746582	0.00250564003363252	20.3994998931885
0.137044335133396	22.0751609802246	16.4120006561279	0.00252299988642335	20.4995002746582
0.137759037897922	22.2038593292236	16.511999130249	0.00252299988642335	20.5995006561279
0.138533301651478	22.3051853179932	16.6119995117188	0.00256066001020372	20.6996002197266
0.139307565405034	22.4229393005371	16.7119998931885	0.00256066001020372	20.7996006011963
0.140141390147619	22.5032520294189	16.8120002746582	0.00258137006312609	20.8994998931885
0.140915653901175	22.5919990539551	16.9120006561279	0.00259639997966588	20.9995002746582
0.141749464091845	22.6958904266357	17.011999130249	0.00263680005446076	21.0995998382568
0.14270241081249	22.8078384399414	17.1119995117188	0.00264857010915875	21.199499130249
0.14359578199219	22.9273853302002	17.2119998931885	0.00264857010915875	21.2996006011963
0.144429606734775	23.0506076812744	17.3120002746582	0.00271607004106045	21.3995990753174
0.14526343147736	23.185489654541	17.4120006561279	0.00271607004106045	21.4995994567871
0.146037695230916	23.3055095672607	17.511999130249	0.00270924996584654	21.5995006561279
0.146871505421586	23.4187126159668	17.6119995117188	0.00275632995180786	21.699499130249
0.147526661748998	23.4877529144287	17.7119998931885	0.00269486010074615	21.7994995117188
0.148241364513524	23.5531406402588	17.8120002746582	0.00272727990522981	21.8994998931885
0.149134735693224	23.6329784393311	17.9120006561279	0.00272727990522981	21.9995002746582
0.150028121424839	23.7392292022705	18.011999130249	0.00286535010673106	22.0995006561279
0.150802370626479	23.8370227813721	18.1119995117188	0.00285195000469685	22.199499130249
0.151695756358095	23.97340965271	18.2119998931885	0.00285554002039135	22.2994995117188
0.15247002011165	24.1018218994141	18.3120002746582	0.00286400993354619	22.3994998931885
0.153303844854236	24.2057189941406	18.4120006561279	0.00286400993354619	22.4995002746582
0.154256777022965	24.357759475708	18.511999130249	0.0029409599956125	22.5995006561279
0.155031040776521	24.4393730163574	18.6119995117188	0.0029409599956125	22.699499130249
0.155686182552017	24.483512878418	18.7119998931885	0.00293284002691507	22.7994995117188
0.156460446305573	24.5528774261475	18.8120002746582	0.00293284002691507	22.8994998931885
0.157294271048158	24.6489315032959	18.9120006561279	0.00299246003851295	22.9995002746582
0.158128081238829	24.753885269165	19.011999130249	0.00298525998368859	23.0995006561279
0.159021466970444	24.8993549346924	19.1119995117188	0.00298525998368859	23.199499130249
0.15973616973497	24.9938125610352	19.2119998931885	0.00303083006292582	23.2994995117188
0.160510433488525	25.1048965454102	19.3120002746582	0.00303083006292582	23.3997001647949
0.161463365657255	25.2390079498291	19.4120006561279	0.00303546991199255	23.4993991851807
0.16229719039984	25.3387928009033	19.511999130249	0.00303546991199255	23.5995006561279
0.16319056157954	25.4370727539063	19.6119995117188	0.00307541992515326	23.6996002197266
0.163964825333096	25.5166969299316	19.7119998931885	0.00311101996339858	23.7994995117188
0.164739089086652	25.5771713256836	19.8120002746582	0.00311101996339858	23.8994998931885
0.165513352840208	25.6743316650391	19.9120006561279	0.00317114009521902	23.9995002746582
0.166466285008937	25.8052864074707	20.011999130249	0.00317114009521902	24.0993995666504
0.167300109751523	25.9490737915039	20.1119995117188	0.00330608990043402	24.1993999481201
0.168253041920252	26.0760650634766	20.2119998931885	0.00324956001713872	24.2994995117188
0.169146427651867	26.2087783813477	20.3120002746582	0.00324956001713872	24.3994998931885
0.169980252394453	26.3138179779053	20.4120006561279	0.00322825997136533	24.4995002746582
0.170814062585123	26.4026508331299	20.511999130249	0.00322825997136533	24.5993995666504
0.171647887327708	26.4679393768311	20.6119995117188	0.00329367001540959	24.699499130249
0.172541273059323	26.5789241790771	20.7119998931885	0.00329367001540959	24.7994995117188
0.173315522260964	26.6602573394775	20.8120002746582	0.00326223997399211	24.8994998931885
0.174268468981609	26.7718276977539	20.9120006561279	0.00332901999354362	24.9995002746582
0.175280962139368	26.9376754760742	21.011999130249	0.00332901999354362	25.0995006561279
0.176114786881953	27.0693588256836	21.1119995117188	0.00339464005082846	25.199499130249
0.177127280039713	27.2188491821289	21.2119998931885	0.00339464005082846	25.2994995117188
0.177961104782298	27.3248062133789	21.3120002746582	0.00340595003217459	25.3994998931885
0.178675807546824	27.3870964050293	21.4120006561279	0.00340595003217459	25.4995002746582
0.179509617737494	27.4734649658203	21.511999130249	0.00341834989376366	25.5993995666504
0.18034344248008	27.5496578216553	21.6119995117188	0.00341333006508648	25.699499130249
0.181058145244606	27.6268863677979	21.7119998931885	0.00341333006508648	25.7994995117188
0.181951530976221	27.7370910644531	21.8120002746582	0.0035054599866271	25.8994998931885
0.182844902155921	27.8899364471436	21.9120006561279	0.0035054599866271	25.9995002746582
0.183738287887536	28.0253620147705	22.011999130249	0.00342469988390803	26.0998992919922
0.184452990652062	28.1115875244141	22.1119995117188	0.00357391010038555	26.199499130249
0.185346361831762	28.2048683166504	22.2119998931885	0.00357391010038555	26.2994003295898
0.186120625585318	28.3047389984131	22.3120002746582	0.00354459998197854	26.3994998931885
0.186835328349844	28.3571472167969	22.4120006561279	0.00354459998197854	26.5018005371094
0.18749047012534	28.3744201660156	22.511999130249	0.00359458010643721	26.6016998291016
0.188502977835014	28.5148830413818	22.6119995117188	0.00359458010643721	26.7147998809814
0.189277227036655	28.5979137420654	22.7119998931885	0.00354697997681797	26.7994003295898
0.189991944353096	28.6707954406738	22.8120002746582	0.00359895010478795	26.899299621582
0.190825754543766	28.7927131652832	22.9120006561279	0.00359895010478795	27.0006008148193
0.191719140275382	28.9468517303467	23.011999130249	0.00362134003080428	27.1993999481201
0.192612511455081	29.0464897155762	23.1119995117188	0.00360697996802628	27.1993999481201
0.193565458175726	29.1660652160645	23.2119998931885	0.00357293989509344	27.2994003295898
0.194339721929282	29.2322540283203	23.3120002746582	0.00368119007907808	27.3994007110596
0.195173532119952	29.3145618438721	23.4120006561279	0.00375643000006676	27.4993991851807
0.195947795873508	29.3715496063232	23.511999130249	0.00376202003099024	27.5993995666504
0.196722059627064	29.4584827423096	23.6119995117188	0.00376202003099024	27.6993999481201
0.197496323380619	29.5501823425293	23.7119998931885	0.00369945005513728	27.7994003295898
0.198330148123205	29.6694412231445	23.8120002746582	0.00369945005513728	27.8994007110596
0.199163958313875	29.7898044586182	23.9120006561279	0.00376928993500769	27.9993991851807
0.19999778305646	29.908109664917	24.011999130249	0.00372755993157625	28.0993003845215
0.200831607799046	29.9665126800537	24.1119995117188	0.00372755993157625	28.1993999481201
0.201784539967775	30.0845623016357	24.2119998931885	0.00385868991725147	28.2994003295898
0.20267792569939	30.1659641265869	24.3120002746582	0.00385868991725147	28.3994007110596
0.203333067474887	30.2271862030029	24.4120006561279	0.00378765002824366	28.4993991851807
0.204047770239413	30.2791328430176	24.511999130249	0.00388901005499065	28.5993995666504
0.204941141419113	30.3860836029053	24.6119995117188	0.00391890993341804	28.6993999481201
0.205596297746524	30.4589405059814	24.7119998931885	0.00395285012200475	28.7994003295898
0.206251439522021	30.512638092041	24.8120002746582	0.00395285012200475	28.8994007110596
0.20732349366881	30.669942855835	24.9120006561279	0.00393927982077003	28.9993991851807
0.208335986826569	30.7911319732666	25.011999130249	0.00393927982077003	29.1000995635986
0.209288918995298	30.8793277740479	25.1119995117188	0.00404983013868332	29.1993999481201
0.210063182748854	30.9477653503418	25.2119998931885	0.00404983013868332	29.2994003295898
0.21089700749144	31.0078029632568	25.3120002746582	0.00398829020559788	29.3994007110596
0.211730832234025	31.0745849609375	25.4120006561279	0.00402591982856393	29.4993991851807
0.212505081435665	31.1664028167725	25.511999130249	0.00402591982856393	29.5993995666504
0.213398467167281	31.282829284668	25.6119995117188	0.00408681016415358	29.6993999481201
0.214172730920836	31.3784866333008	25.7119998931885	0.00408681016415358	29.7994003295898
0.214887433685362	31.4616584777832	25.8120002746582	0.0040723797865212	29.899299621582
0.215899926843122	31.6099262237549	25.9120006561279	0.00408717012032866	29.9993991851807
0.216793312574737	31.6815452575684	26.011999130249	0.00408717012032866	30.0993995666504
0.217686683754437	31.7742042541504	26.1119995117188	0.0041270898655057	30.199499130249
0.218580069486052	31.8512191772461	26.2119998931885	0.0041270898655057	30.2994995117188
0.219473440665752	31.9436511993408	26.3120002746582	0.00422724010422826	30.3994007110596
0.220247704419307	31.9912567138672	26.4120006561279	0.00426845997571945	30.4993000030518
0.220962407183833	32.1006393432617	26.511999130249	0.00425586989149451	30.5993003845215
0.221736670937389	32.2065238952637	26.6119995117188	0.00432142987847328	30.6993007659912
0.222630056669004	32.3174591064453	26.7119998931885	0.00432142987847328	30.7992992401123
0.223523427848704	32.4243507385254	26.8120002746582	0.00432152021676302	30.899299621582
0.224476360017434	32.5269012451172	26.9120006561279	0.00432152021676302	30.9993000030518
0.225310184760019	32.5923233032227	27.011999130249	0.00429859012365341	31.0993003845215
0.226144009502605	32.6694259643555	27.1119995117188	0.00429897010326385	31.1993007659912
0.22691827325616	32.7412071228027	27.2119998931885	0.00429897010326385	31.2992992401123
0.227573415031657	32.8208847045898	27.3120002746582	0.00436190003529191	31.4001007080078
0.228466786211357	32.9056701660156	27.4120006561279	0.00436190003529191	31.4993000030518
0.229300610953942	33.0259742736816	27.511999130249	0.00434079999104142	31.5993003845215
0.230074874707498	33.1195678710938	27.6119995117188	0.00434079999104142	31.6993007659912
0.230849138461053	33.1981315612793	27.7119998931885	0.00434155995026231	31.7992992401123
0.231682963203639	33.2760772705078	27.8120002746582	0.00434256019070745	31.899299621582
0.232635895372368	33.3878402709961	27.9120006561279	0.00434256019070745	31.9993000030518
0.233469720114954	33.4456901550293	28.011999130249	0.00442468002438545	32.1006011962891
0.234303530305624	33.5130271911621	28.1119995117188	0.00442468002438545	32.1992988586426
0.235137355048209	33.5935668945313	28.2119998931885	0.00453170016407967	32.2993011474609
0.235911618801765	33.6908416748047	28.3120002746582	0.0045596300624311	32.399299621582
0.236745443544351	33.7891120910645	28.4120006561279	0.00452941004186869	32.4994010925293
0.237579253735021	33.8947906494141	28.511999130249	0.00455480022355914	32.5993003845215
0.238234410062432	33.9614524841309	28.6119995117188	0.00455480022355914	32.6992988586426
0.239127781242132	34.0499076843262	28.7119998931885	0.00461419997736812	32.7993011474609
0.240259396377951	34.1717758178711	28.8120002746582	0.00460299989208579	32.899299621582
0.241152782109566	34.2489356994629	28.9120006561279	0.00462340982630849	32.9992980957031
0.241807923885062	34.2835235595703	29.011999130249	0.00465749995782971	33.0992012023926
0.242641734075733	34.3580932617188	29.1119995117188	0.00465749995782971	33.1992988586426
0.243535119807348	34.4525527954102	29.2119998931885	0.0046695601195097	33.2993011474609
0.244368944549933	34.548168182373	29.3120002746582	0.0046695601195097	33.399299621582
0.245083647314459	34.6480827331543	29.4120006561279	0.00467325979843736	33.4992980957031
0.245917472057045	34.7475166320801	29.511999130249	0.00472356006503105	33.5992012023926
0.246691721258685	34.8073844909668	29.6119995117188	0.00468948995694518	33.6992988586426
0.24764466797933	34.9074287414551	29.7119998931885	0.00472813984379172	33.7991981506348
0.248478492721915	34.9684371948242	29.8120002746582	0.00472813984379172	33.899299621582
0.249371863901615	35.0279808044434	29.9120006561279	0.00477101979777217	34.0992012023926
0.250146113103256	35.0969123840332	30.011999130249	0.00477141980081797	34.0992012023926
0.250860815867782	35.1600799560547	30.1119995117188	0.0047792699187994	34.1991996765137
0.251635094173253	35.2334747314453	30.2119998931885	0.00484552001580596	34.2993011474609
0.252468918915838	35.3731994628906	30.3120002746582	0.00486906012520194	34.3992004394531
0.253302743658423	35.4578666687012	30.4120006561279	0.00485763000324368	34.4992980957031
0.254076992860064	35.5301094055176	30.511999130249	0.00485763000324368	34.5992012023926
0.254970364039764	35.6141929626465	30.6119995117188	0.00490802014246583	34.6991996765137
0.255804188782349	35.6688461303711	30.7119998931885	0.00494940998032689	34.7991981506348
0.256757135502994	35.762149810791	30.8120002746582	0.00495966011658311	34.8992004394531
0.257769628660753	35.8791885375977	30.9120006561279	0.00492394994944334	34.9992980957031
0.258603453403339	35.952709197998	31.011999130249	0.00492394994944334	35.0992012023926
0.259437278145924	36.0537223815918	31.1119995117188	0.00499917007982731	35.1991996765137
0.260211527347565	36.1366539001465	31.2119998931885	0.00499917007982731	35.2993011474609
0.260985776549205	36.2344093322754	31.3120002746582	0.00496307015419006	35.399299621582
0.261700479313731	36.3053703308105	31.4120006561279	0.00490271998569369	35.4991989135742
0.262534304056317	36.3769607543945	31.511999130249	0.00498556019738317	35.5992012023926
0.263427704339847	36.451099395752	31.6119995117188	0.00505778007209301	35.6991996765137
0.264321075519547	36.520393371582	31.7119998931885	0.00505778007209301	35.7991981506348
0.265035778284073	36.5613288879395	31.8120002746582	0.00509615987539291	35.8992004394531
0.266048271441832	36.6835403442383	31.9120006561279	0.00511098001152277	35.9991989135742
0.266882096184418	36.7668266296387	32.0120010375977	0.00514587992802262	36.0992012023926
0.267596798948944	36.8416786193848	32.1119995117188	0.00518702995032072	36.1991996765137
0.268371048150584	36.9411354064941	32.2120018005371	0.00518702995032072	36.2991981506348
0.269145326456055	37.0285110473633	32.3120002746582	0.00527804996818304	36.3992004394531
0.269800453679636	37.0890197753906	32.4119987487793	0.00527804996818304	36.4991989135742
0.270574731985107	37.1287422180176	32.5120010375977	0.00525966007262468	36.5992012023926
0.271527649601921	37.1999320983887	32.6119995117188	0.00522253988310695	36.6991996765137
0.272361474344507	37.2635116577148	32.7120018005371	0.005239840131253	36.7991981506348
0.273373967502266	37.3641548156738	32.8120002746582	0.00536605017259717	36.8992004394531
0.274267367785797	37.4712409973145	32.9119987487793	0.00536605017259717	36.9991989135742
0.274803373031318	37.5105781555176	33.0120010375977	0.00536374980583787	37.0992012023926
0.275934988167137	37.6289367675781	33.1119995117188	0.00536374980583787	37.1991996765137
0.276590144494548	37.7012329101563	33.2120018005371	0.00544145982712507	37.2991981506348
0.277066603302956	37.6986083984375	33.3120002746582	0.00543534988537431	37.3992004394531
0.27813867200166	37.7995452880859	33.4119987487793	0.00537130003795028	37.4991989135742
0.278853374766186	37.8286628723145	33.5120010375977	0.00544044002890587	37.5992012023926
0.279865867923945	37.9236221313477	33.6119995117188	0.00544044002890587	37.6992988586426
0.280759239103645	38.016918182373	33.7120018005371	0.0055123302154243	37.7991981506348
0.281771732261404	38.118278503418	33.8120002746582	0.0055123302154243	37.899299621582
0.28260555700399	38.2187614440918	33.9119987487793	0.00554190017282963	37.9991989135742
0.283439381746575	38.303825378418	34.0120010375977	0.00559108983725309	38.0992012023926
0.284273206489161	38.3782730102539	34.1119995117188	0.00554422987625003	38.1991996765137
0.285047455690801	38.4578132629395	34.2120018005371	0.00543999020010233	38.2991981506348
0.285821733996272	38.5031204223633	34.3120002746582	0.00543999020010233	38.3992004394531
0.286595983197913	38.5597877502441	34.4119987487793	0.00548163009807467	38.4991989135742
0.287429807940498	38.6308403015137	34.5120010375977	0.00548163009807467	38.5992012023926
0.288263632683083	38.7090492248535	34.6119995117188	0.00562534993514419	38.6991004943848
0.289216579403728	38.79443359375	34.7120018005371	0.00562477018684149	38.7991981506348
0.290050375042483	38.8974952697754	34.8120002746582	0.00562477018684149	38.8991012573242
0.290765077807009	38.971061706543	34.9119987487793	0.00567359989508986	38.9990997314453
0.29165847809054	39.0782699584961	35.0120010375977	0.00567359989508986	39.0992012023926
0.292790093226358	39.2071914672852	35.1119995117188	0.0056768199428916	39.1991996765137
0.293504795990884	39.2557983398438	35.2120018005371	0.0056768199428916	39.2991981506348
0.294457713607699	39.3381652832031	35.3120002746582	0.00578647013753653	39.3992004394531
0.295053323497996	39.3445510864258	35.4119987487793	0.00576166994869709	39.4990997314453
0.295827572699636	39.3844909667969	35.5120010375977	0.00576166994869709	39.5990982055664
0.296780519420281	39.4935302734375	35.6119995117188	0.00582731980830431	39.6991996765137
0.297376100206748	39.5440711975098	35.7120018005371	0.00581857981160283	39.7991981506348
0.298567261779681	39.7084045410156	35.8120002746582	0.00585306016728282	39.8992004394531
0.299639330478385	39.850658416748	35.9119987487793	0.0058941300958395	39.9991989135742
0.300354033242911	39.9111518859863	36.0120010375977	0.00587223982438445	40.0992012023926
0.301187857985497	39.9591293334961	36.1119995117188	0.00588670000433922	40.1991004943848
0.301962107187137	40.0022277832031	36.2120018005371	0.00588670000433922	40.2990989685059
0.302617263514549	40.0104026794434	36.3120002746582	0.0059180399402976	40.3991012573242
0.303391512716189	40.0540008544922	36.4119987487793	0.00596034014597535	40.4990997314453
0.304344459436834	40.136905670166	36.5120010375977	0.00597342988476157	40.5990982055664
0.305118708638474	40.2224731445313	36.6119995117188	0.00595685001462698	40.6991004943848
0.306071655359119	40.3178939819336	36.7120018005371	0.00595685001462698	40.7991981506348
0.307024602079764	40.4225807189941	36.8120002746582	0.00605998979881406	40.8991012573242
0.30773930484429	40.488826751709	36.9119987487793	0.00600655982270837	40.9990997314453
0.308394432067871	40.520263671875	37.0120010375977	0.00600724993273616	41.0990982055664
0.30940692522563	40.5999794006348	37.1119995117188	0.0060691898688674	41.1991004943848
0.310121627990156	40.6309432983398	37.2120018005371	0.00608714995905757	41.2990989685059
0.310776784317568	40.6391220092773	37.3120002746582	0.00612733000889421	41.3992004394531
0.311670155497268	40.7217979431152	37.4119987487793	0.00612733000889421	41.4991989135742
0.312563526676968	40.8129539489746	37.5120010375977	0.00615049991756678	41.5990982055664
0.313397351419553	40.8985900878906	37.6119995117188	0.00615049991756678	41.6991004943848
0.314231176162139	40.9941482543945	37.7120018005371	0.00620529986917973	41.7990989685059
0.315184122882783	41.0858993530273	37.8120002746582	0.0062163001857698	41.8991012573242
0.316017947625369	41.1707000732422	37.9119987487793	0.0062163001857698	41.9990997314453
0.316732650389895	41.2067337036133	38.0120010375977	0.00628254003822803	42.0990982055664
0.317506899591535	41.2375526428223	38.1119995117188	0.00628254003822803	42.1991004943848
0.318340724334121	41.2893981933594	38.2120018005371	0.00629176013171673	42.2990989685059
0.319174549076706	41.3595390319824	38.3120002746582	0.00629176013171673	42.3991012573242
0.320008373819292	41.445484161377	38.4119987487793	0.00633079977706075	42.4990997314453
0.320842169458047	41.539665222168	38.5120010375977	0.00635041017085314	42.5990982055664
0.321735569741577	41.6542587280273	38.6119995117188	0.00635041017085314	42.6991004943848
0.322807609336451	41.7791061401367	38.7120018005371	0.00635117013007402	42.7990989685059
0.323701009619981	41.8709526062012	38.8120002746582	0.00638651009649038	42.8991012573242
0.324415712384507	41.9066963195801	38.9119987487793	0.00645630992949009	42.9991989135742
0.325189961586148	41.9612655639648	39.0120010375977	0.0064492798410356	43.0990982055664
0.325964210787788	42.0079612731934	39.1119995117188	0.00646881014108658	43.1991004943848
0.326738489093259	42.0544929504395	39.2120018005371	0.00647285999730229	43.2990989685059
0.327572313835844	42.1411018371582	39.3120002746582	0.00647285999730229	43.3992004394531
0.328346563037485	42.2088508605957	39.4119987487793	0.00650946004316211	43.4990005493164
0.329120841342956	42.299243927002	39.5120010375977	0.00651295017451048	43.5989990234375
0.33007375895977	42.4186058044434	39.6119995117188	0.0065327100455761	43.6990013122559
0.331026705680415	42.5212898254395	39.7120018005371	0.00654722983017564	43.798999786377
0.331920076860115	42.6131172180176	39.8120002746582	0.00654722983017564	43.8991012573242
0.332515657646582	42.6334648132324	39.9119987487793	0.00660564005374908	43.9990997314453
0.333289935952052	42.665714263916	40.0120010375977	0.00661023985594511	44.0989990234375
0.334123760694638	42.744514465332	40.1119995117188	0.00661514000967145	44.1990013122559
0.334957585437223	42.8170967102051	40.2120018005371	0.00668581016361713	44.298999786377
0.335731834638864	42.9044494628906	40.3120002746582	0.00673389993607998	44.398998260498
0.336506083840504	42.9753570556641	40.4119987487793	0.00673918006941676	44.4990005493164
0.33733990858309	43.074878692627	40.5120010375977	0.00673918006941676	44.5990982055664
0.338352401740849	43.1959457397461	40.6119995117188	0.0067501300945878	44.6990013122559
0.339364894898608	43.296070098877	40.7120018005371	0.00679490016773343	44.7990989685059
0.340258295182139	43.3818130493164	40.8120002746582	0.00678218016400933	44.8991012573242
0.34091342240572	43.4071769714355	40.9119987487793	0.00684235990047455	44.9990997314453
0.341687700711191	43.4409523010254	41.0120010375977	0.00684235990047455	45.0989990234375
0.342342827934772	43.4794044494629	41.1119995117188	0.00687661021947861	45.1990013122559
0.343236228218302	43.5661277770996	41.2120018005371	0.00692215003073215	45.2991981506348
0.344129599398002	43.6864624023438	41.3120002746582	0.00692802015691996	45.3992004394531
0.344903848599643	43.7586441040039	41.4119987487793	0.00697037996724248	45.4990005493164
0.345856795320287	43.8640327453613	41.5120010375977	0.00695761991664767	45.5989990234375
0.346809742040932	43.9687538146973	41.6119995117188	0.00697098998352885	45.6990013122559
0.347643566783518	44.0218391418457	41.7120018005371	0.00697098998352885	45.798999786377
0.348536937963217	44.060188293457	41.8120002746582	0.00701454002410173	45.898998260498
0.349311187164858	44.1164436340332	41.9119987487793	0.00705259991809726	45.9990005493164
0.350085465470329	44.1634216308594	42.0120010375977	0.00707119004800916	46.0990982055664
0.350800168234855	44.2246856689453	42.1119995117188	0.00707176001742482	46.1990013122559
0.351514870999381	44.284725189209	42.2120018005371	0.00707847019657493	46.298999786377
0.352348695741966	44.3911170959473	42.3120002746582	0.00706483982503414	46.3995018005371
0.353242066921666	44.4902725219727	42.4119987487793	0.00709669990465045	46.4990005493164
0.354075891664252	44.5666580200195	42.5120010375977	0.00712407985702157	46.5989990234375
0.355028809281066	44.6645431518555	42.6119995117188	0.00713668018579483	46.6990013122559
0.355862634023651	44.7039909362793	42.7120018005371	0.0071519399061799	46.798999786377
0.356756034307182	44.7575225830078	42.8120002746582	0.00714587001129985	46.8988990783691
0.357530283508822	44.8098487854004	42.9119987487793	0.00714587001129985	46.9990997314453
0.358304532710463	44.8814659118652	43.0120010375977	0.00719255022704601	47.0988998413086
0.359197932993993	44.9678268432617	43.1119995117188	0.00719255022704601	47.1990013122559
0.359972182195634	45.0607376098633	43.2120018005371	0.00725230015814304	47.298999786377
0.360806006938219	45.1568222045898	43.3120002746582	0.00722861010581255	47.398998260498
0.361818500095978	45.2706031799316	43.4119987487793	0.00724190985783935	47.4990005493164
0.362533202860504	45.2922058105469	43.5120010375977	0.00725007988512516	47.5989990234375
0.363307452062145	45.3302383422852	43.6119995117188	0.00725007988512516	47.6990013122559
0.364439067197964	45.4425849914551	43.7120018005371	0.00726506020873785	47.798999786377
0.365094223525375	45.4737396240234	43.8120002746582	0.00727382022887468	47.898998260498
0.366106716683134	45.5820236206055	43.9119987487793	0.00727599021047354	47.9989013671875
0.36682141944766	45.6407928466797	44.0120010375977	0.00726325996220112	48.1988983154297
0.367297878256068	45.6546249389648	44.1119995117188	0.00741421990096569	48.1988983154297
0.368310400517657	45.7996292114258	44.2120018005371	0.00730108981952071	48.298999786377
0.369263318134472	45.8882713317871	44.3120002746582	0.00730108981952071	48.398998260498
0.370216264855117	45.973876953125	44.4119987487793	0.00745151005685329	48.4989013671875
0.371109636034817	46.0353012084961	44.5120010375977	0.00740642985329032	48.5989990234375
0.371943460777402	46.0669059753418	44.6119995117188	0.00745321018621325	48.6988983154297
0.372955953935161	46.1530075073242	44.7120018005371	0.00747674982994795	48.798900604248
0.373670656699687	46.1816673278809	44.8120002746582	0.00741834985092282	48.898998260498
0.374325813027099	46.2395324707031	44.9119987487793	0.00748444022610784	48.9990005493164
0.375159637769684	46.3214149475098	45.0120010375977	0.00755813019350171	49.0988998413086
0.376053008949384	46.4367866516113	45.1119995117188	0.00751218013465405	49.1988983154297
0.37676771171391	46.5034294128418	45.2120018005371	0.00750654004514217	49.298900604248
0.377601536456496	46.5582618713379	45.3120002746582	0.00750654004514217	49.3988990783691
0.378435361199081	46.6048316955566	45.4119987487793	0.00760701019316912	49.4989013671875
0.379388278815895	46.6780662536621	45.5120010375977	0.00760701019316912	49.5989990234375
0.38034122553654	46.7748794555664	45.6119995117188	0.00763591006398201	49.6990013122559
0.381115474738181	46.8025665283203	45.7120018005371	0.00754775013774633	49.798900604248
0.381830177502707	46.8472595214844	45.8120002746582	0.00757224997505546	49.8988990783691
0.382604455808178	46.9083099365234	45.9119987487793	0.00761740002781153	49.9990005493164
0.383378705009818	47.0030403137207	46.0120010375977	0.00761740002781153	50.0988998413086
0.384212529752403	47.0766487121582	46.1119995117188	0.00764488987624645	50.1988983154297
0.385165476473048	47.1595268249512	46.2120018005371	0.00770111009478569	50.298900604248
0.385820603696629	47.1922378540039	46.3120002746582	0.00770242977887392	50.3988990783691
0.386654428439215	47.2299842834473	46.4119987487793	0.00773173989728093	50.4989013671875
0.387666921596974	47.3261032104492	46.5120010375977	0.00773173989728093	50.5988998413086
0.3883816243615	47.3540115356445	46.6119995117188	0.00776328984647989	50.798900604248
0.38927502464503	47.4127540588379	46.7120018005371	0.0077647902071476	50.798900604248
0.39016839582473	47.523380279541	46.8120002746582	0.0078347297385335	50.8988990783691
0.391002220567316	47.5869636535645	46.9119987487793	0.00784493982791901	50.9989013671875
0.391716923331842	47.6618843078613	47.0120010375977	0.00792740005999804	51.0988006591797
0.392550748074427	47.7021713256836	47.1119995117188	0.0078929103910923	51.1988983154297
0.393324997276068	47.7459907531738	47.2120018005371	0.0078929103910923	51.298900604248
0.394218368455768	47.7993316650391	47.3120002746582	0.00786389969289303	51.3988990783691
0.395052193198353	47.8393096923828	47.4119987487793	0.00789184961467981	51.4987983703613
0.395886017940938	47.8945808410645	47.5120010375977	0.00795069988816977	51.5988998413086
0.396719842683524	47.9811019897461	47.6119995117188	0.0080012995749712	51.6988983154297
0.397494091885164	48.0610771179199	47.7120018005371	0.0080012995749712	51.798900604248
0.39832791662775	48.1193885803223	47.8120002746582	0.00798978004604578	51.8988990783691
0.399102194933221	48.1834411621094	47.9119987487793	0.00798978004604578	51.9989013671875
0.399876444134861	48.2393188476563	48.0120010375977	0.00801260024309158	52.0988998413086
0.400710268877447	48.3203125	48.1119995117188	0.00801260024309158	52.1988983154297
0.401544093620032	48.360897064209	48.2120018005371	0.00806913990527391	52.298999786377
0.402377918362617	48.3880500793457	48.3120002746582	0.00809974037110806	52.3987998962402
0.403271289542317	48.4785919189453	48.4119987487793	0.00809974037110806	52.4989013671875
0.404164660722017	48.5488739013672	48.5120010375977	0.00810020975768566	52.5988006591797
0.405236729420722	48.6703147888184	48.6119995117188	0.00810020975768566	52.6988983154297
0.406130100600421	48.7604179382324	48.7120018005371	0.00804227031767368	52.7988014221191
0.406844803364947	48.8122253417969	48.8120002746582	0.00815990008413792	52.8987998962402
0.407559506129473	48.8567199707031	48.9119987487793	0.00813964009284973	52.9987983703613
0.408333755331114	48.9005661010742	49.0120010375977	0.00827927980571985	53.0988006591797
0.409167580073699	48.9583435058594	49.1119995117188	0.00827927980571985	53.1987991333008
0.41006098035723	49.0016250610352	49.2120018005371	0.00831854995340109	53.298900604248
0.410894775995985	49.0709571838379	49.3120002746582	0.00835544988512993	53.3987998962402
0.411788176279515	49.1489067077637	49.4119987487793	0.00839440990239382	53.4989013671875
0.412741093896329	49.2308921813965	49.5120010375977	0.00842151045799255	53.5988998413086
0.413753587054089	49.3539581298828	49.6119995117188	0.00842151045799255	53.6988983154297
0.414349196944386	49.3973693847656	49.7120018005371	0.008433329872787	53.798900604248
0.415242568124086	49.4443817138672	49.8120002746582	0.008433329872787	53.8988990783691
0.416076392866671	49.5292739868164	49.9119987487793	0.00849112030118704	53.9987983703613
0.416791095631197	49.5540580749512	50.0120010375977	0.00849112030118704	54.0988998413086
0.417684466810897	49.5968589782715	50.1119995117188	0.00851671025156975	54.1988983154297
0.418518291553482	49.6477699279785	50.2120018005371	0.00850080978125334	54.298900604248
0.419352116296068	49.7154884338379	50.3120002746582	0.00850080978125334	54.3988990783691
0.420185941038653	49.7927169799805	50.4119987487793	0.00854115001857281	54.5988006591797
0.421198434196413	49.8915367126465	50.5120010375977	0.0085503701120615	54.5988006591797
0.422151351813227	49.9878120422363	50.6119995117188	0.00857959967106581	54.6987991333008
0.422925630118698	50.0741157531738	50.7120018005371	0.00855206046253443	54.7988014221191
0.42346166446805	50.0709648132324	50.8120002746582	0.00859273970127106	54.8988990783691
0.424057245254517	50.0763854980469	50.9119987487793	0.00860843993723392	54.9989013671875
0.424950616434216	50.1093559265137	51.0120010375977	0.00860843993723392	55.0988006591797
0.425843987613916	50.1761474609375	51.1119995117188	0.00866486039012671	55.1987991333008
0.426677812356502	50.2330436706543	51.2120018005371	0.00863790046423674	55.2988014221191
0.427571183536202	50.3007926940918	51.3120002746582	0.00870629958808422	55.4048004150391
0.428464583819732	50.4220809936523	51.4119987487793	0.00871909037232399	55.4987983703613
0.429298408562317	50.5057029724121	51.5120010375977	0.00871909037232399	55.5988006591797
0.430132204201072	50.557071685791	51.6119995117188	0.00878402031958103	55.7988014221191
0.431025604484603	50.6277275085449	51.7120018005371	0.00880117993801832	55.7988014221191
0.431680731708184	50.6660995483398	51.8120002746582	0.00881346967071295	55.8987998962402
0.432335888035595	50.6407165527344	51.9119987487793	0.0088153900578618	55.9987983703613
0.433169712778181	50.6805648803711	52.0120010375977	0.00883357040584087	56.0987014770508
0.433943961979821	50.7253608703613	52.1119995117188	0.00887448992580175	56.1987991333008
0.434896908700466	50.8128089904785	52.2120018005371	0.00887448992580175	56.2988014221191
0.435849855421111	50.9025268554688	52.3120002746582	0.00894120987504721	56.3987998962402
0.436743226600811	51.0033073425293	52.4119987487793	0.00894120987504721	56.4987983703613
0.437577051343396	51.0746650695801	52.5120010375977	0.00892193987965584	56.5988006591797
0.438470422523096	51.1562004089355	52.6119995117188	0.008940439671278	56.6987991333008
0.439244671724737	51.1957702636719	52.7120018005371	0.00897321011871099	56.7988014221191
0.440018950030208	51.216682434082	52.8120002746582	0.00897432956844568	56.8987998962402
0.440793199231848	51.2607383728027	52.9119987487793	0.00897432956844568	56.9987983703613
0.441567477537319	51.2830085754395	53.0120010375977	0.00904379040002823	57.0988006591797
0.442401302279904	51.3403282165527	53.1119995117188	0.00904379040002823	57.1988983154297
0.443354219896719	51.4211120605469	53.2120018005371	0.00903687998652458	57.2988014221191
0.444247591076419	51.5075874328613	53.3120002746582	0.00910327024757862	57.3987998962402
0.445081415819004	51.6002235412598	53.4119987487793	0.00910327024757862	57.4987983703613
0.445974816102535	51.6789970397949	53.5120010375977	0.00910887029021978	57.5988006591797
0.446868187282234	51.7404899597168	53.6119995117188	0.00910887029021978	57.6987991333008
0.44770201202482	51.7907066345215	53.7120018005371	0.00916026998311281	57.7988014221191
0.448357139248401	51.7809524536133	53.8120002746582	0.00916026998311281	57.8987998962402
0.449190963990986	51.8155136108398	53.9119987487793	0.00918454024940729	57.9986991882324
0.450024788733572	51.8678398132324	54.0120010375977	0.00920902006328106	58.0987014770508
0.450739491498098	51.9281730651855	54.1119995117188	0.00920902006328106	58.1987991333008
0.451692438218743	52.0237846374512	54.2120018005371	0.00924867019057274	58.298698425293
0.452704931376502	52.1195449829102	54.3120002746582	0.00924867019057274	58.3987998962402
0.453479180578142	52.2014617919922	54.4119987487793	0.0093308798968792	58.4987983703613
0.454432127298787	52.2608489990234	54.5120010375977	0.00935177970677614	58.5988006591797
0.455563742434606	52.3685569763184	54.6119995117188	0.00931761972606182	58.6986999511719
0.455980654805899	52.3262214660645	54.7120018005371	0.00936257001012564	58.7988014221191
0.45663578202948	52.3094139099121	54.8120002746582	0.00936257001012564	58.8987007141113
0.457886519143358	52.4479598999023	54.9119987487793	0.00937887001782656	58.9986991882324
0.458243885077536	52.4179077148438	55.0120010375977	0.00941308028995991	59.0987014770508
0.458660797448829	52.4015121459961	55.1119995117188	0.00943197961896658	59.1986999511719
0.460149749414995	52.5965766906738	55.2120018005371	0.00948632974177599	59.298698425293
0.461043120594695	52.6744804382324	55.3120002746582	0.00948632974177599	59.3987007141113
0.461876945337281	52.7251472473145	55.4119987487793	0.00951317977160215	59.4990997314453
0.462710770079866	52.7713012695313	55.5120010375977	0.00951317977160215	59.5987014770508
0.463544594822451	52.8120040893555	55.6119995117188	0.00956796016544104	59.6986999511719
0.464318844024092	52.8433074951172	55.7120018005371	0.00954425986856222	59.798698425293
0.465093122329563	52.863712310791	55.8120002746582	0.0095765795558691	59.8987007141113
0.465867371531203	52.9169960021973	55.9119987487793	0.00965857971459627	59.9986991882324
0.466641649836674	52.967529296875	56.0120010375977	0.00965857971459627	60.0987014770508
0.467475445475429	53.0605621337891	56.1119995117188	0.00971718970686197	60.1986999511719
0.468428392196074	53.1451873779297	56.2120018005371	0.00971504021435976	60.2985992431641
0.469381338916719	53.1953659057617	56.3120002746582	0.00957296043634415	60.3987007141113
0.470155588118359	53.2472114562988	56.4119987487793	0.00968770030885935	60.4987983703613
0.470989412860945	53.2715873718262	56.5120010375977	0.0097472695633769	60.5987014770508
0.47182323760353	53.3047218322754	56.6119995117188	0.00985581986606121	60.798698425293
0.472537940368056	53.3260231018066	56.7120018005371	0.00986586976796389	60.798698425293
0.473371765110642	53.3623008728027	56.8120002746582	0.00987366028130054	60.8987007141113
0.474324711831287	53.4517860412598	56.9119987487793	0.00989028997719288	60.9986991882324
0.474979839054868	53.4958648681641	57.0120010375977	0.00992827955633402	61.0987014770508
0.475754117360339	53.5459976196289	57.1119995117188	0.00993380974978209	61.1986999511719
0.476766610518098	53.6395645141602	57.2120018005371	0.00993380974978209	61.298698425293
0.477362191304564	53.6306381225586	57.3120002746582	0.00995177030563354	61.3987998962402
0.47819601604715	53.6644706726074	57.4119987487793	0.00998133979737759	61.4986000061035
0.479148933663964	53.7300720214844	57.5120010375977	0.0100063001736999	61.5985984802246
0.480042333947495	53.7658462524414	57.6119995117188	0.0100258998572826	61.6986999511719
0.480935705127195	53.8156051635742	57.7120018005371	0.0100363995879889	61.798698425293
0.481650407891721	53.8619956970215	57.8120002746582	0.0100437998771667	61.8987007141113
0.482484232634306	53.9072608947754	57.9119987487793	0.0100437998771667	61.9986991882324
0.483258481835946	53.9480285644531	58.0120010375977	0.0101212002336979	62.0987014770508
0.484330550534651	54.0531578063965	58.1119995117188	0.0100964996963739	62.198600769043
0.485104799736291	54.0853614807129	58.2120018005371	0.0101611996069551	62.298698425293
0.485879078041762	54.1206970214844	58.3120002746582	0.0101762004196644	62.3987007141113
0.486831995658576	54.1672859191895	58.4119987487793	0.0101762004196644	62.4986991882324
0.487725395942107	54.2010116577148	58.5120010375977	0.0102557996287942	62.5987014770508
0.488440098706633	54.2374801635742	58.6119995117188	0.0102557996287942	62.698600769043
0.489154772367328	54.2390670776367	58.7120018005371	0.0102642998099327	62.7985992431641
0.489988597109914	54.2893981933594	58.8120002746582	0.0102616995573044	62.8986015319824
0.490822421852499	54.342830657959	58.9119987487793	0.0103070996701717	62.9986991882324
0.491715793032199	54.414379119873	59.0120010375977	0.0103379003703594	63.0987014770508
0.492549617774785	54.4038734436035	59.1119995117188	0.0103379003703594	63.1986999511719
0.49350259359926	54.3589057922363	59.2120018005371	0.0104572996497154	63.298698425293
0.493919476866722	-29.9755363464355	59.2560005187988	0.0104572996497154	63.3986015319824
