File Path: C:\Users\apk5101\Desktop\Sandra\Oven_Coated_3 01-8-24 11 12 58 AM\DAQ- Crosshead, … - (Timed).txt   
Test: MTS EM Tension (Simplified) with Video Extensometer apk5101 25
Test Run: Oven_Coated_3
Date: 1/8/2024 11:08:55 AM


Crosshead 	Load 	Time 	Strain 1 	Video Time 
mm	N	sec	mm/mm	sec
5.95586016061134E-05	-2.31691193580627	0.112999998033047	-3.01479994959664E-05	4.19990015029907
0.000238234406424453	-2.29954171180725	0.212999999523163	-3.01479994959664E-05	4.19990015029907
0.00053602741445502	-2.26763653755188	0.312999993562698	-2.13707007787889E-05	4.40000009536743
0.000952937625697814	-2.25005745887756	0.412999987602234	4.87572015117621E-06	4.40000009536743
0.00232278534895158	-1.98448383808136	0.513000011444092	-7.79890979174525E-05	4.49989986419678
0.00339484017786162	-1.75858533382416	0.612999975681305	2.21515001612715E-05	4.69990015029907
0.00446689500677167	-1.54676902294159	0.712999999523163	2.21515001612715E-05	4.69990015029907
0.00541983263246948	-1.38813102245331	0.813000023365021	2.81480006378843E-05	4.89989995956421
0.0065514459492988	-1.14484775066376	0.912999987602234	4.80060989502817E-05	4.89989995956421
0.00756394229028956	-0.942162454128265	1.01300001144409	6.92949979566038E-05	4.99989986419678
0.00857643863128033	-0.712656259536743	1.11300003528595	6.25596003374085E-05	5.09989976882935
0.00946981799643254	-0.507119178771973	1.21300005912781	0.000144461999298073	5.19990015029907
0.0103631964520901	-0.302603632211685	1.31299996376038	0.000142737000714988	5.39989995956421
0.011197016647202	-0.126180410385132	1.41299998760223	0.000142737000714988	5.39989995956421
0.0120903960123542	0.0307114832103252	1.51300001144409	0.000144178993650712	5.59999990463257
0.0131028918985976	0.211826682090759	1.61300003528595	0.000180832998012193	5.59999990463257
0.0141153886943357	0.401121228933334	1.71300005912781	0.000192884996067733	5.69990015029907
0.0150087671499932	0.56619119644165	1.81299996376038	0.000170735002029687	5.79990005493164
0.0158425882545998	0.738386690616608	1.91299998760223	0.000203232993953861	5.89989995956421
0.0166168501891661	0.911691188812256	2.01300001144409	0.000224014002014883	6.09989976882935
0.0174506694747834	1.11159574985504	2.11299991607666	0.000202399998670444	6.09989976882935
0.0182249314093497	1.27670168876648	2.21300005912781	0.000262854999164119	6.29990005493164
0.018999193343916	1.42172026634216	2.31299996376038	0.000321945000905544	6.29990005493164
0.0199521309696138	1.59192073345184	2.41300010681152	0.000348772999132052	6.40000009536743
0.0207263929041801	1.71975696086884	2.51300001144409	0.000340388010954484	6.59989976882935
0.0219175653910497	1.93455803394318	2.61299991607666	0.000340388010954484	6.59989976882935
0.022691827325616	2.06550812721252	2.71300005912781	0.000382633996196091	6.79990005493164
0.023406530090142	2.21091771125793	2.81299996376038	0.000363077007932588	6.79990005493164
0.0242999085457996	2.40926313400269	2.91300010681152	0.000333142990712076	6.89989995956421
0.0250741704803659	2.55822038650513	3.01300001144409	0.000345642998581752	6.99980020523071
0.0256697567238007	2.69683623313904	3.11299991607666	0.00039425099384971	7.09980010986328
0.026444018658367	2.82426881790161	3.21300005912781	0.000456948997452855	7.29979991912842
0.027516072805156	3.03038716316223	3.31299996376038	0.000456948997452855	7.29979991912842
0.0284094530798029	3.17325329780579	3.41300010681152	0.000502164999488741	7.49980020523071
0.0293028315354604	3.33728551864624	3.51300001144409	0.000485752010717988	7.49980020523071
0.0301962099911179	3.50731778144836	3.61299991607666	0.000498174980748445	7.59980010986328
0.0309109127556439	3.64595103263855	3.71300005912781	0.000504460011143237	7.69980001449585
0.0319829705404118	3.86375522613525	3.81299996376038	0.000511014019139111	7.79979991912842
0.0326976733049378	4.02787017822266	3.91300010681152	0.000505823991261423	7.90000009536743
0.0334123760694638	4.16570568084717	4.01300001144409	0.000513839011546224	7.99989986419678
0.0341270788339898	4.32883548736572	4.11299991607666	0.000559696985874325	8.19989967346191
0.0349608999385964	4.47882270812988	4.21299982070923	0.000539445027243346	8.19989967346191
0.0358542783942539	4.63639259338379	4.31300020217896	0.00059853499988094	8.29979991912842
0.0366285385098308	4.76630783081055	4.41300010681152	0.000721976975910366	8.39990043640137
0.0374623596144374	4.91359186172485	4.51300001144409	0.000601652020122856	8.49979972839355
0.038355738070095	5.06811332702637	4.61299991607666	0.000559678010176867	8.69989967346191
0.0393086775147822	5.26071166992188	4.71299982070923	0.000752654974348843	8.69989967346191
0.0401424986193888	5.42607831954956	4.81300020217896	0.000712428009137511	8.79979991912842
0.0408572013839148	5.6046142578125	4.91300010681152	0.000719266012310982	8.89980030059814
0.0416910224885214	5.76411867141724	5.01300001144409	0.000749466998968273	8.99979972839355
0.0424652826040983	5.89317989349365	5.11299991607666	0.000785210984759033	9.19979953765869
0.0432395427196752	6.01596355438232	5.21299982070923	0.000795277010183781	9.19979953765869
0.0440138064732309	6.13745594024658	5.31300020217896	0.000677324016578496	9.39980030059814
0.0448476275778376	6.2677264213562	5.41300010681152	0.000688488013111055	9.39980030059814
0.045800563384546	6.43046379089355	5.51300001144409	0.000672105001285672	9.49979972839355
0.0466343844891526	6.60259103775024	5.61299991607666	0.000700900971423835	9.59980010986328
0.0475277629448101	6.79694700241089	5.71299982070923	0.000854535028338432	9.69979953765869
0.0483020266983658	6.94301700592041	5.81300020217896	0.000853286997880787	9.89980030059814
0.0491358441649936	7.10498285293579	5.91300010681152	0.000858740997500718	9.89980030059814
0.0499101079185493	7.2396764755249	6.01300001144409	0.000900226994417608	10.1149997711182
0.0508630437252577	7.38709735870361	6.11299991607666	0.000767840014304966	10.1149997711182
0.0515777501277626	7.50967645645142	6.21299982070923	0.000766384007874876	10.1997995376587
0.0523520102433395	7.6340389251709	6.31300020217896	0.00081809499533847	10.3997001647949
0.0533049496880267	7.79706430435181	6.41300010681152	0.00081809499533847	10.3997001647949
0.0540792098036036	7.9665699005127	6.51300001144409	0.000861319014802575	10.4997997283936
0.0549725882592611	8.13292026519775	6.61299991607666	0.000877527985721827	10.5998001098633
0.0559850850549992	8.33760356903076	6.71299982070923	0.000886360998265445	10.6997995376587
0.0567593451705761	8.49423027038574	6.81300020217896	0.000859943975228816	10.7997999191284
0.0574740515730809	8.64205360412598	6.91300010681152	0.000903134990949184	10.8998003005981
0.0583078690397087	8.76700782775879	7.01300001144409	0.000918662000913173	11.0996999740601
0.0590821327932645	8.89474391937256	7.11299991607666	0.000929635018110275	11.0996999740601
0.0600946295890026	9.05253219604492	7.21299982070923	0.000947455002460629	11.2996997833252
0.0608688897045795	9.17189598083496	7.31300020217896	0.000962431018706411	11.2996997833252
0.0617027108091861	9.32761383056641	7.41300010681152	0.000965294020716101	11.3997001647949
0.0625365282758139	9.47374725341797	7.51300001144409	0.00100846996065229	11.5998001098633
0.0635490287095308	9.68136882781982	7.61299991607666	0.00100846996065229	11.5998001098633
0.0643828461761586	9.85120391845703	7.71299982070923	0.00100692000705749	11.7996997833252
0.0650975489406846	9.98620223999023	7.81300020217896	0.00103067001327872	11.7996997833252
0.0659909273963422	10.1429862976074	7.91300010681152	0.00105355004779994	11.8997001647949
0.0667651911498979	10.2411813735962	8.01299953460693	0.00105268997140229	11.9997997283936
0.0676585696055554	10.3647718429565	8.11299991607666	0.00107708002906293	12.0998001098633
0.0684923943481408	10.5035982131958	8.21300029754639	0.00112695002462715	12.2996997833252
0.0692070971126668	10.6208381652832	8.3129997253418	0.00112695002462715	12.2996997833252
0.0699217998771928	10.7564744949341	8.41300010681152	0.00114937999751419	12.3999004364014
0.0707556173438206	10.9128122329712	8.51299953460693	0.00112042005639523	12.4997997283936
0.0717681177775376	11.120138168335	8.61299991607666	0.00110310001764446	12.5998001098633
0.0725423742551357	11.2748260498047	8.71300029754639	0.00110469001810998	12.6997995376587
0.0733761989977211	11.4239959716797	8.8129997253418	0.00113512005191296	12.7997999191284
0.0742100164643489	11.5593709945679	8.91300010681152	0.00124280003365129	12.9996995925903
0.0750438339309767	11.6848487854004	9.01299953460693	0.00124280003365129	12.9996995925903
0.0759372196625918	11.8206090927124	9.11299991607666	0.00126112997531891	13.1152000427246
0.0768305981182493	11.9756994247437	9.21300029754639	0.00124431995209306	13.1997995376587
0.0776644155848771	12.1118192672729	9.3129997253418	0.00125361001119018	13.2997999191284
0.0785577940405346	12.2950115203857	9.41300010681152	0.00126054999418557	13.3997001647949
0.0793916115071625	12.4652709960938	9.51299953460693	0.00125660002231598	13.4996995925903
0.0801658752607182	12.6077833175659	9.61299991607666	0.00127261003945023	13.6997995376587
0.0809997000033036	12.7475395202637	9.71300029754639	0.00135372998192906	13.6997995376587
0.0818930784589611	12.8783740997314	9.8129997253418	0.00135731999762356	13.7996997833252
0.0827268959255889	13.005805015564	9.91300010681152	0.00138646003324538	13.8999996185303
0.0833820449770428	13.1123914718628	10.0129995346069	0.00186442001722753	13.9997997283936
0.0841563014546409	13.2026796340942	10.1129999160767	0.00154225004371256	14.1997003555298
0.0849901261972263	13.3493337631226	10.2130002975464	0.00154225004371256	14.1997003555298
0.0857643826748244	13.4978008270264	10.3129997253418	0.00147330004256219	14.2997999191284
0.0867173221195117	13.6748075485229	10.4130001068115	0.00144956004805863	14.3997001647949
0.0876702615641989	13.8556537628174	10.5129995346069	0.00144540995825082	14.4996004104614
0.0884445253177546	13.9696254730225	10.6129999160767	0.00188469002023339	14.6997003555298
0.0893379037734121	14.1116924285889	10.7130002975464	0.00188469002023339	14.6997003555298
0.0900526065379381	14.202428817749	10.8129997253418	0.00171622005291283	14.8997001647949
0.0907673093024641	14.2920875549316	10.9130001068115	0.00168787001166493	14.8997001647949
0.0916606877581216	14.4271183013916	11.0129995346069	0.00166027003433555	14.9996995925903
0.0924349515116774	14.5601949691772	11.1129999160767	0.00168533995747566	15.1997003555298
0.0931496542762034	14.700704574585	11.2130002975464	0.00168533995747566	15.1997003555298
0.094459937827196	14.9509763717651	11.3129997253418	0.00168016005773097	15.3997001647949
0.0949959721765481	15.0410318374634	11.4130001068115	0.00168016005773097	15.3997001647949
0.0958893506322056	15.1963672637939	11.5129995346069	0.00170408003032207	15.4996995925903
0.0969018437899649	15.355429649353	11.6129999160767	0.00172834994737059	15.5996999740601
0.0974378708633594	15.4084224700928	11.7130002975464	0.0017606399487704	15.7079000473022
0.0983312493190169	15.5402994155884	11.8129997253418	0.00174523005262017	15.7996997833252
0.0991650740616024	15.6632680892944	11.9130001068115	0.00177991995587945	15.8997001647949
0.0999393305392005	15.7807292938232	12.0129995346069	0.00179454998578876	16.0997009277344
0.100832708994858	15.9478874206543	12.1129999160767	0.00179454998578876	16.0997009277344
0.101666533737443	16.0948753356934	12.2130002975464	0.0018290999578312	16.1996994018555
0.102619465906173	16.2684268951416	12.3129997253418	0.0018260000506416	16.2996997833252
0.103512851637788	16.4260311126709	12.4130001068115	0.00189269997645169	16.3997001647949
0.104406230093446	16.5601558685303	12.5129995346069	0.00191116996575147	16.6007995605469
0.105240047560073	16.6770000457764	12.6129999160767	0.00191116996575147	16.6007995605469
0.106014311313629	16.7901477813721	12.7130002975464	0.00196211994625628	16.7996997833252
0.106788575067185	16.873119354248	12.8129997253418	0.00193480995949358	16.7996997833252
0.107562831544783	16.9871311187744	12.9130001068115	0.00196916004642844	16.9083003997803
0.108396656287368	17.1333141326904	13.0129995346069	0.00198147003538907	16.9997997283936
0.109170912764966	17.2763195037842	13.1129999160767	0.00197937991470098	17.0995998382568
0.110004737507552	17.4172668457031	13.2130002975464	0.00203854008577764	17.2996997833252
0.110898115963209	17.5592174530029	13.3129997253418	0.00203854008577764	17.2996997833252
0.111791494418867	17.7135524749756	13.4130001068115	0.00203256006352603	17.3997001647949
0.112863548565656	17.8529033660889	13.5129995346069	0.00204120995476842	17.4997005462646
0.113518690341152	17.9196109771729	13.6129999160767	0.00210494990460575	17.5998001098633
0.114173839392606	18.0108089447021	13.7130002975464	0.00209631002508104	17.7996006011963
0.115245893539395	18.1795024871826	13.8129997253418	0.00209631002508104	17.7996006011963
0.115662805910688	18.2631301879883	13.9130001068115	0.00209731003269553	17.9995994567871
0.116437062388286	18.3716793060303	14.0129995346069	0.00210372009314597	17.9995994567871
0.117509116535075	18.5745334625244	14.1129999160767	0.00208470993675292	18.0998001098633
0.11840250226669	18.7354946136475	14.2130002975464	0.00209468998946249	18.1996994018555
0.11935543443542	18.876070022583	14.3129997253418	0.00211899005807936	18.2996006011963
0.120189259178005	18.9978523254395	14.4130001068115	0.00223746011033654	18.4997005462646
0.121023076644633	19.1049003601074	14.5129995346069	0.00223746011033654	18.4997005462646
0.121797340398189	19.2127876281738	14.6129999160767	0.00223978003486991	18.6996994018555
0.122631157864816	19.3229751586914	14.7130002975464	0.00226111011579633	18.6996994018555
0.123405421618372	19.4778995513916	14.8129997253418	0.00224514002911747	18.7996006011963
0.124120124382898	19.5867671966553	14.9130001068115	0.00226502004079521	18.9995994567871
0.125073056551628	19.7428092956543	15.0129995346069	0.00226502004079521	18.9995994567871
0.126026003272273	19.9147853851318	15.1129999160767	0.00229062000289559	19.1996994018555
0.126740706036799	20.0103435516357	15.2130002975464	0.00235782004892826	19.1996994018555
0.127693638205528	20.1468601226807	15.3129997253418	0.00237104995176196	19.2996006011963
0.128646584926173	20.2772750854492	15.4130001068115	0.00226536998525262	19.3997001647949
0.129539956105873	20.3709716796875	15.5129995346069	0.00227075000293553	19.4995994567871
0.130373780848458	20.4978771209717	15.6129999160767	0.00229364004917443	19.6996002197266
0.131088483612984	20.5942325592041	15.7130002975464	0.00229364004917443	19.6996002197266
0.13192230835557	20.734992980957	15.8129997253418	0.00245616002939641	19.9018001556396
0.13269655755721	20.8847141265869	15.9130001068115	0.00248044007457793	19.9018001556396
0.133589943288825	21.0244998931885	16.0130004882813	0.00247356994077563	19.9995994567871
0.134483314468525	21.1392669677734	16.113000869751	0.00246822996996343	20.0995998382568
0.13537670020014	21.2523536682129	16.2129993438721	0.0023815599270165	20.1996002197266
0.136270085931756	21.3526306152344	16.3129997253418	0.00257471995428205	20.3995990753174
0.136984788696282	21.3727645874023	16.4130001068115	0.00257471995428205	20.3995990753174
0.137818598886952	21.4636268615723	16.5130004882813	0.00248644989915192	20.5995998382568
0.138592862640508	21.5764961242676	16.613000869751	0.00247595994733274	20.5995998382568
0.139367126394063	21.72829246521	16.7129993438721	0.00252225995063782	20.6996002197266
0.140141390147619	21.8731346130371	16.8129997253418	0.00279024988412857	20.8995990753174
0.140915653901175	21.9876594543457	16.9130001068115	0.00279024988412857	20.8995990753174
0.141809025080875	22.1490383148193	17.0130004882813	0.00258076004683971	21.0995006561279
0.14264284982346	22.2712841033936	17.113000869751	0.00258076004683971	21.0995006561279
0.14359578199219	22.411319732666	17.2129993438721	0.00258981995284557	21.1996002197266
0.144429606734775	22.4953098297119	17.3129997253418	0.00262480997480452	21.2994995117188
0.14526343147736	22.5931358337402	17.4130001068115	0.00265933992341161	21.3997001647949
0.146097241668031	22.7187881469727	17.5130004882813	0.00264313002116978	21.5995998382568
0.146811944432557	22.8314189910889	17.613000869751	0.00264313002116978	21.5995998382568
0.147526661748998	22.9602584838867	17.7129993438721	0.00271964003331959	21.7994995117188
0.148300910950638	23.0780735015869	17.8129997253418	0.00271510006859899	21.7994995117188
0.149134735693224	23.1966533660889	17.9130001068115	0.00269675999879837	21.8995990753174
0.150028121424839	23.3332691192627	18.0130004882813	0.00274613010697067	21.9995994567871
0.150802370626479	23.423303604126	18.113000869751	0.00273600989021361	22.0997009277344
0.151636195369065	23.5121307373047	18.2129993438721	0.00274828006513417	22.1996994018555
0.15258914208971	23.6423091888428	18.3129997253418	0.0027895700186491	22.2996006011963
0.153244283865206	23.7358951568604	18.4130001068115	0.00281863007694483	22.4995002746582
0.154137655044906	23.8541851043701	18.5130004882813	0.0028249800670892	22.4995002746582
0.155031040776521	24.0184535980225	18.613000869751	0.00285995006561279	22.5995006561279
0.155686182552017	24.1272773742676	18.7129993438721	0.00282058003358543	22.699499130249
0.156460446305573	24.2423496246338	18.8129997253418	0.00282647996209562	22.7996006011963
0.157294271048158	24.3593292236328	18.9130001068115	0.00287024001590908	22.9995002746582
0.158128081238829	24.4741973876953	19.0130004882813	0.00287024001590908	22.9995002746582
0.159021466970444	24.5770893096924	19.113000869751	0.00292441993951797	23.0995006561279
0.159855291713029	24.6688327789307	19.2129993438721	0.00295040011405945	23.199499130249
0.160569994477555	24.7470092773438	19.3129997253418	0.00294606992974877	23.2994995117188
0.161463365657255	24.8844890594482	19.4130001068115	0.00296840001828969	23.4995002746582
0.16235675138887	25.03005027771	19.5130004882813	0.00296840001828969	23.4995002746582
0.163131015142426	25.167652130127	19.613000869751	0.0030425600707531	23.699499130249
0.164024386322126	25.3206748962402	19.7129993438721	0.0030425600707531	23.699499130249
0.164739089086652	25.4070053100586	19.8129997253418	0.003045619931072	23.7994995117188
0.165513352840208	25.4960956573486	19.9130001068115	0.00306093995459378	23.8995990753174
0.166466285008937	25.6063175201416	20.0130004882813	0.00304049998521805	23.9995002746582
0.167359670740552	25.7151279449463	20.113000869751	0.0030947900377214	24.199499130249
0.168193495483138	25.8369903564453	20.2129993438721	0.0030947900377214	24.199499130249
0.169146427651867	25.9670543670654	20.3129997253418	0.00314444000832736	24.4020004272461
0.170039798831567	26.1244373321533	20.4130001068115	0.00308752991259098	24.4020004272461
0.170814062585123	26.2507038116455	20.5130004882813	0.00311603001318872	24.4995994567871
0.171707448316738	26.3904132843018	20.613000869751	0.00315034994855523	24.699499130249
0.172541273059323	26.5362720489502	20.7129993438721	0.00315034994855523	24.699499130249
0.173375083249994	26.6142463684082	20.8129997253418	0.00321806990541518	24.8994007110596
0.174268468981609	26.7345523834229	20.9130001068115	0.00321806990541518	24.8994007110596
0.175221401150338	26.8493232727051	21.0130004882813	0.00322591001167893	24.9995002746582
0.176114786881953	26.9793510437012	21.113000869751	0.00325532001443207	25.0995006561279
0.177127280039713	27.0955829620361	21.2129993438721	0.00326481997035444	25.199499130249
0.178020651219413	27.2575511932373	21.3129997253418	0.00331530999392271	25.3994998931885
0.178735368535854	27.3579387664795	21.4130001068115	0.00331530999392271	25.3994998931885
0.179569178726524	27.4801502227783	21.5130004882813	0.00336347008123994	25.6093997955322
0.18028388149105	27.5804481506348	21.613000869751	0.00336347008123994	25.6093997955322
0.181117706233636	27.6919918060303	21.7129993438721	0.00338231003843248	25.699499130249
0.182011077413335	27.7984962463379	21.8129997253418	0.00340820010751486	25.7994003295898
0.182904463144951	27.9075927734375	21.9130001068115	0.00346472999081016	25.8994998931885
0.183738287887536	28.0023880004883	22.0130004882813	0.00354060996323824	25.9995994567871
0.184572098078206	28.1094818115234	22.113000869751	0.00354873994365335	26.0995998382568
0.185346361831762	28.2206134796143	22.2129993438721	0.00352585990913212	26.199499130249
0.186180186574347	28.3433094024658	22.3129997253418	0.00355972000397742	26.2994003295898
0.186894889338873	28.4485816955566	22.4130001068115	0.0032620900310576	26.3994007110596
0.187609592103399	28.5608234405518	22.5130004882813	0.00354648008942604	26.5995006561279
0.188324294867925	28.6451988220215	22.613000869751	0.00354648008942604	26.5995006561279
0.189277227036655	28.7690029144287	22.7129993438721	0.00365457008592784	26.7994995117188
0.189991944353096	28.8277416229248	22.8129997253418	0.00365457008592784	26.7994995117188
0.190885315532796	28.9380302429199	22.9130001068115	0.00366189004853368	26.8994998931885
0.191719140275382	29.0365982055664	23.0130004882813	0.00369775993749499	26.9995002746582
0.192612511455081	29.1551742553711	23.113000869751	0.00369493989273906	27.0995006561279
0.193565458175726	29.3122787475586	23.2129993438721	0.00372840999625623	27.2994003295898
0.194399268366396	29.4488162994385	23.3129997253418	0.00372840999625623	27.2994003295898
0.195233093108982	29.5708141326904	23.4130001068115	0.00372828007675707	27.4993991851807
0.196007356862538	29.6671714782715	23.5130004882813	0.00370616000145674	27.4993991851807
0.196722059627064	29.7336559295654	23.613000869751	0.00378434010781348	27.5993995666504
0.197555884369649	29.8241539001465	23.7129993438721	0.00376566988416016	27.699499130249
0.198389694560319	29.9166564941406	23.8129997253418	0.00379208009690046	27.7994003295898
0.199223519302905	30.0130043029785	23.9130001068115	0.00383605994284153	27.9993991851807
0.19999778305646	30.1152019500732	24.0130004882813	0.00378057011403143	27.9993991851807
0.200831607799046	30.2341594696045	24.113000869751	0.0038105899002403	28.0995006561279
0.201724978978746	30.3619613647461	24.2129993438721	0.00384729006327689	28.1993999481201
0.202737472136505	30.528829574585	24.3129997253418	0.00389022007584572	28.2994003295898
0.203452174901031	30.6405239105225	24.4130001068115	0.00390409003011882	28.3994007110596
0.204047770239413	30.6678810119629	24.5130004882813	0.00389473000541329	28.4993991851807
0.204941141419113	30.7729892730713	24.613000869751	0.00392956985160708	28.6993999481201
0.205715405172668	30.8530502319336	24.7129993438721	0.00392598984763026	28.6993999481201
0.20631100051105	30.9042778015137	24.8129997253418	0.00393962021917105	28.7994003295898
0.20714481070172	31.0015392303467	24.9130001068115	0.00398975005373359	28.8994007110596
0.208276425837539	31.1898555755615	25.0130004882813	0.00397368986159563	28.9995002746582
0.209288918995298	31.3717403411865	25.113000869751	0.00403376016765833	29.0993995666504
0.210182304726914	31.494873046875	25.2129993438721	0.00399084994569421	29.2085990905762
0.21089700749144	31.6039390563965	25.3129997253418	0.00404206989333034	29.3994007110596
0.211730832234025	31.6794681549072	25.4130001068115	0.00403086980804801	29.3994007110596
0.212564642424695	31.7712001800537	25.5130004882813	0.00407597981393337	29.4993991851807
0.213338906178251	31.835807800293	25.613000869751	0.00409591989591718	29.5993995666504
0.214113169931807	31.9151782989502	25.7129993438721	0.00390098989009857	29.6993999481201
0.214946994674392	32.0371894836426	25.8129997253418	0.00398410018533468	29.899299621582
0.215840365854092	32.1370735168457	25.9130001068115	0.00414359988644719	29.899299621582
0.216793312574737	32.3152847290039	26.0130004882813	0.00418015010654926	30.0993995666504
0.217686683754437	32.4303321838379	26.113000869751	0.00418070983141661	30.0993995666504
0.218580069486052	32.5706481933594	26.2129993438721	0.0042340001091361	30.1996002197266
0.219473440665752	32.6805877685547	26.3129997253418	0.00420635007321835	30.2992992401123
0.220247704419307	32.7368392944336	26.4130001068115	0.00426420988515019	30.3994007110596
0.221021968172863	32.8235397338867	26.5130004882813	0.00415530009195209	30.5993003845215
0.221796231926419	32.900260925293	26.613000869751	0.00421734992414713	30.5993003845215
0.222570495679975	32.9774894714355	26.7129993438721	0.00413304986432195	30.6993999481201
0.223582988837734	33.1402168273926	26.8129997253418	0.00428568990901113	30.7992992401123
0.224416813580319	33.2636337280273	26.9130001068115	0.00429800013080239	30.8994007110596
0.225250623770989	33.400936126709	27.0130004882813	0.00434324983507395	31.0993003845215
0.226084448513575	33.5039482116699	27.113000869751	0.0043854801915586	31.0993003845215
0.22691827325616	33.5984077453613	27.2129993438721	0.00444687018170953	31.2992992401123
0.227632976020686	33.6755599975586	27.3129997253418	0.00430055009201169	31.2992992401123
0.228466786211357	33.765380859375	27.4130001068115	0.00434850994497538	31.399299621582
0.229300610953942	33.8403053283691	27.5130004882813	0.00436982000246644	31.4993991851807
0.230015313718468	33.932991027832	27.613000869751	0.00440557999536395	31.5993003845215
0.230789577472024	34.026123046875	27.7129993438721	0.00438824994489551	31.7992992401123
0.231682963203639	34.1465530395508	27.8129997253418	0.00437556998804212	31.7992992401123
0.232576334383339	34.2967529296875	27.9130001068115	0.00453263986855745	31.899299621582
0.233469720114954	34.4169082641602	28.0130004882813	0.00456039980053902	31.9993991851807
0.234303530305624	34.5157890319824	28.113000869751	0.00459414999932051	32.0993003845215
0.235196916037239	34.6141624450684	28.2129993438721	0.00446252012625337	32.1992988586426
0.235971179790795	34.6821746826172	28.3129997253418	0.00451330980286002	32.2994003295898
0.236745443544351	34.7403793334961	28.4130001068115	0.00457732984796166	32.4992980957031
0.237519707297906	34.8345336914063	28.5130004882813	0.00458385981619358	32.4992980957031
0.238293956499547	34.9333305358887	28.613000869751	0.00457736011594534	32.5993003845215
0.239187342231162	35.070198059082	28.7129993438721	0.00456923991441727	32.6994018554688
0.240199835388921	35.218189239502	28.8129997253418	0.00459248013794422	32.7994003295898
0.241093221120536	35.3440551757813	28.9130001068115	0.00460910983383656	32.9994010925293
0.241867484874092	35.4507598876953	29.0130004882813	0.00463768001645803	32.9994010925293
0.242760856053792	35.5336570739746	29.113000869751	0.00465591019019485	33.1992988586426
0.243594680796377	35.6141014099121	29.2129993438721	0.00466421013697982	33.1992988586426
0.244309369008988	35.6672515869141	29.3129997253418	0.0047061201184988	33.2993011474609
0.245143193751574	35.7632331848145	29.4130001068115	0.0046924501657486	33.399299621582
0.245977018494159	35.8620834350586	29.5130004882813	0.00470564002171159	33.4994010925293
0.24675129679963	35.9644317626953	29.613000869751	0.0047061899676919	33.5993995666504
0.247585092438385	36.0918579101563	29.7129993438721	0.00475030997768044	33.6992988586426
0.24841891718097	36.2070465087891	29.8129997253418	0.00474323984235525	33.7993011474609
0.24943141033873	36.3590927124023	29.9130001068115	0.00477857980877161	33.899299621582
0.250265235081315	36.4523162841797	30.0130004882813	0.00478891003876925	33.9992980957031
0.251039513386786	36.5082893371582	30.113000869751	0.0048022698611021	34.1992988586426
0.251575518632308	36.5283546447754	30.2129993438721	0.00489536020904779	34.1992988586426
0.252409343374893	36.6158638000488	30.3129997253418	0.0048710098490119	34.399299621582
0.253362290095538	36.7319526672363	30.4130001068115	0.00489212991669774	34.399299621582
0.254136539297178	36.8223495483398	30.5130004882813	0.0049108499661088	34.4991989135742
0.254851242061704	36.9190483093262	30.613000869751	0.00486390991136432	34.5993003845215
0.255923310760409	37.0873489379883	30.7129993438721	0.00494791008532047	34.6992988586426
0.256757135502994	37.2001914978027	30.8129997253418	0.00494123995304108	34.7993011474609
0.257769628660753	37.3265800476074	30.9130001068115	0.00497727002948523	34.8993988037109
0.258662999840453	37.4046211242676	31.0130004882813	0.00499296979978681	35.0992012023926
0.259437278145924	37.4759368896484	31.113000869751	0.00499803991988301	35.0992012023926
0.260211527347565	37.5378150939941	31.2129993438721	0.00507936999201775	35.1994018554688
0.260985776549205	37.6179428100586	31.3129997253418	0.00506485998630524	35.3992004394531
0.261760054854676	37.6970405578613	31.4130001068115	0.00506199011579156	35.3992004394531
0.262593879597262	37.8282203674316	31.5130004882813	0.00508406991139054	35.5992012023926
0.263427704339847	37.9493522644043	31.613000869751	0.00507739977911115	35.5992012023926
0.264201953541487	38.0578918457031	31.7129993438721	0.00509636988863349	35.7994003295898
0.265095324721187	38.1489906311035	31.8129997253418	0.00509240012615919	35.7994003295898
0.266048271441832	38.2563209533691	31.9130001068115	0.00516367005184293	35.899299621582
0.266882096184418	38.3449096679688	32.0130004882813	0.00517753977328539	35.9991989135742
0.267656345386058	38.3935623168945	32.1129989624023	0.00516984984278679	36.0992012023926
0.268371048150584	38.4474296569824	32.2130012512207	0.00518172979354858	36.2991981506348
0.269145326456055	38.5397338867188	32.3129997253418	0.00518351001664996	36.2991981506348
0.269860029220581	38.6367225646973	32.4129981994629	0.00523607991635799	36.399299621582
0.270574731985107	38.7327156066895	32.5130004882813	0.00522186979651451	36.4992980957031
0.271527649601921	38.8653030395508	32.6129989624023	0.00524171022698283	36.5994987487793
0.272361474344507	38.9779014587402	32.7130012512207	0.00527038984000683	36.6994018554688
0.273254874628037	39.0559883117676	32.8129997253418	0.00530877988785505	36.7993011474609
0.27444603620097	39.2097587585449	32.9129981994629	0.00535691017284989	36.9992980957031
0.274922495009378	39.2133140563965	33.0130004882813	0.00538627011701465	36.9992980957031
0.275696773314849	39.282901763916	33.1129989624023	0.0054368800483644	37.0993003845215
0.276768812909722	39.4302673339844	33.2130012512207	0.0054159602150321	37.1992988586426
0.27724530082196	39.4689521789551	33.3129997253418	0.00538913998752832	37.2991981506348
0.278079096460715	39.5751647949219	33.4129981994629	0.00538507988676429	37.4991989135742
0.278853374766186	39.6786804199219	33.5130004882813	0.00541430991142988	37.4991989135742
0.279687199508771	39.7727813720703	33.6129989624023	0.00545613979920745	37.6991996765137
0.28081881464459	39.9279975891113	33.7130012512207	0.00547744007781148	37.6991996765137
0.281771732261404	40.0229835510254	33.8129997253418	0.00551314977928996	37.7991981506348
0.282665132544935	40.0861282348633	33.9129981994629	0.00556180998682976	37.899299621582
0.283558503724635	40.1857414245605	34.0130004882813	0.00562357995659113	37.9992980957031
0.284273206489161	40.245361328125	34.1129989624023	0.00564613007009029	38.0992012023926
0.285047455690801	40.3323822021484	34.2130012512207	0.00564457988366485	38.1992988586426
0.285821733996272	40.4309997558594	34.3129997253418	0.0056699002161622	38.2991981506348
0.286595983197913	40.5366554260254	34.4129981994629	0.00563952978700399	38.3992004394531
0.287489354377612	40.6358489990234	34.5130004882813	0.00563356978818774	38.4991989135742
0.288323179120198	40.7355003356934	34.6129989624023	0.00568778999149799	38.5993003845215
0.289216579403728	40.818058013916	34.7130012512207	0.00573064992204309	38.6991996765137
0.290109950583428	40.8998565673828	34.8129997253418	0.00576541991904378	38.899299621582
0.290884199785069	40.9555587768555	34.9129981994629	0.00574776995927095	38.899299621582
0.29165847809054	41.0424308776855	35.0130004882813	0.00578816002234817	38.9991989135742
0.292611395707354	41.1672439575195	35.1129989624023	0.0058289198204875	39.0993003845215
0.293564342427999	41.3010902404785	35.2130012512207	0.00583007978275418	39.1991996765137
0.294517289148644	41.4404830932617	35.3129997253418	0.00584390014410019	39.3992004394531
0.29511286993511	41.5044784545898	35.4129981994629	0.00587444985285401	39.3992004394531
0.295827572699636	41.5582466125488	35.5130004882813	0.00589445000514388	39.4991989135742
0.296780519420281	41.6390914916992	35.6129989624023	0.00591953005641699	39.5992012023926
0.297495222184807	41.7127914428711	35.7130012512207	0.00593905989080667	39.6991996765137
0.298448139801621	41.8011932373047	35.8129997253418	0.00596788991242647	39.8992004394531
0.29957975493744	41.9254341125488	35.9129981994629	0.00596346985548735	39.8992004394531
0.300413579680026	42.0251884460449	36.0130004882813	0.00600370997563004	40.0992012023926
0.301187857985497	42.140754699707	36.1129989624023	0.00599063979461789	40.0992012023926
0.301962107187137	42.2117462158203	36.2130012512207	0.00601630005985498	40.1991996765137
0.302617263514549	42.2956886291504	36.3129997253418	0.00602190988138318	40.2991981506348
0.303451059153304	42.3490676879883	36.4129981994629	0.0060465601272881	40.3991012573242
0.304284883895889	42.4400672912598	36.5130004882813	0.00607830984517932	40.5990982055664
0.305178284179419	42.5265464782715	36.6129989624023	0.00609689997509122	40.5990982055664
0.306071655359119	42.5833511352539	36.7130012512207	0.0059714000672102	40.7990989685059
0.306905480101705	42.6716346740723	36.8129997253418	0.00597866997122765	40.7990989685059
0.307798851281404	42.7899627685547	36.9129981994629	0.00593477999791503	40.8992004394531
0.308513554045931	42.8702278137207	37.0130004882813	0.00614348985254765	40.9991989135742
0.309347378788516	42.9704437255859	37.1129989624023	0.00614657020196319	41.0990982055664
0.310121627990156	43.069751739502	37.2130012512207	0.00618947995826602	41.2991981506348
0.310836330754682	43.1315841674805	37.3129997253418	0.00622608978301287	41.2991981506348
0.311729731038213	43.2324333190918	37.4129981994629	0.00625269999727607	41.3992004394531
0.312563526676968	43.3125114440918	37.5130004882813	0.00615774001926184	41.4990997314453
0.313337804982439	43.3544769287109	37.6129989624023	0.00619272002950311	41.6002006530762
0.314231176162139	43.4481391906738	37.7130012512207	0.00623020017519593	41.7990989685059
0.315184122882783	43.575008392334	37.8129997253418	0.00625853985548019	41.7990989685059
0.316017947625369	43.6724662780762	37.9129981994629	0.00625695008784533	41.9990997314453
0.316792196827009	43.7712554931641	38.0130004882813	0.00631141010671854	41.9990997314453
0.31756644602865	43.8712120056152	38.1129989624023	0.00634470023214817	42.0990982055664
0.318340724334121	43.942512512207	38.2130012512207	0.00640601990744472	42.1991004943848
0.319174549076706	44.0023803710938	38.3129997253418	0.00627710996195674	42.2990989685059
0.320067920256406	44.0928153991699	38.4129981994629	0.00635582022368908	42.4990997314453
0.320842169458047	44.1694145202637	38.5130004882813	0.00636600004509091	42.4990997314453
0.321735569741577	44.2363815307617	38.6129989624023	0.00641462998464704	42.6991996765137
0.322807609336451	44.3815116882324	38.7130012512207	0.00639799004420638	42.6991996765137
0.323701009619981	44.4860725402832	38.8129997253418	0.00639495020732284	42.7990989685059
0.324475258821622	44.5745239257813	38.9129981994629	0.00643950002267957	42.9990997314453
0.325249508023262	44.665958404541	39.0130004882813	0.00643531000241637	42.9990997314453
0.325964210787788	44.7391395568848	39.1129989624023	0.00646569021046162	43.1991996765137
0.326798035530373	44.811408996582	39.2130012512207	0.00643672980368137	43.1991996765137
0.327631860272959	44.8861427307129	39.3129997253418	0.00648395996540785	43.2990989685059
0.328346563037485	44.9157218933105	39.4129981994629	0.00655212998390198	43.398998260498
0.32918038778007	44.9792671203613	39.5130004882813	0.00660576019436121	43.4990997314453
0.33007375895977	45.0850524902344	39.6129989624023	0.00660288007929921	43.5989990234375
0.330967159243301	45.1669692993164	39.7130012512207	0.00661625992506742	43.6991004943848
0.33197965240106	45.3290977478027	39.8129997253418	0.00663028983399272	43.8991012573242
0.332634779624641	45.4031105041504	39.9129981994629	0.00667101005092263	43.8991012573242
0.333289935952052	45.4706954956055	40.0130004882813	0.00672924006357789	43.9990997314453
0.334123760694638	45.5496139526367	40.1129989624023	0.00671610003337264	44.0990982055664
0.334898009896278	45.6130027770996	40.2130012512207	0.00672633992508054	44.1991004943848
0.335672288201749	45.6670303344727	40.3129997253418	0.00674383994191885	44.3991012573242
0.336506083840504	45.728458404541	40.4129981994629	0.00677923997864127	44.3991012573242
0.337399484124035	45.8286895751953	40.5130004882813	0.00680402992293239	44.4990005493164
0.338352401740849	45.9236221313477	40.6129989624023	0.00680884020403028	44.6002006530762
0.339364894898608	46.0727005004883	40.7130012512207	0.00682371016591787	44.6990013122559
0.340258295182139	46.188777923584	40.8129997253418	0.00683220010250807	44.898998260498
0.34091342240572	46.2546005249023	40.9129981994629	0.0068744900636375	44.898998260498
0.341687700711191	46.3273162841797	41.0130004882813	0.00692160008475184	45.0989990234375
0.342521525453776	46.3902969360352	41.1129989624023	0.00689150020480156	45.0989990234375
0.343117106240243	46.4153137207031	41.2130012512207	0.00689216004684567	45.1990013122559
0.344070023857057	46.4907417297363	41.3129997253418	0.00694755977019668	45.298999786377
0.344963424140587	46.5819969177246	41.4129981994629	0.00696989987045527	45.3991012573242
0.345856795320287	46.6764259338379	41.5130004882813	0.0069680898450315	45.5989990234375
0.346750166499987	46.7916870117188	41.6129989624023	0.00696799019351602	45.5989990234375
0.347583991242573	46.8647117614746	41.7130012512207	0.00699293008074164	45.798999786377
0.348536937963217	46.982593536377	41.8129997253418	0.00696825003251433	45.798999786377
0.349311187164858	47.0624351501465	41.9129981994629	0.00705868005752563	45.898998260498
0.350145011907443	47.1304130554199	42.0130004882813	0.00709176994860172	46.0992012023926
0.350800168234855	47.1561889648438	42.1129989624023	0.0071275900118053	46.0992012023926
0.351574417436495	47.1972045898438	42.2130012512207	0.0071275900118053	46.298999786377
0.352289120201021	47.2423324584961	42.3129997253418	0.00710181007161736	46.298999786377
0.353122944943607	47.340217590332	42.4129981994629	0.00713441986590624	46.4990005493164
0.354135438101366	47.4660949707031	42.5130004882813	0.00715522980317473	46.4990005493164
0.355028809281066	47.5838317871094	42.6129989624023	0.00714675989001989	46.5997009277344
0.355862634023651	47.6973533630371	42.7130012512207	0.00720717012882233	46.798999786377
0.356696458766237	47.7896995544434	42.8129997253418	0.00724893994629383	46.798999786377
0.357589829945937	47.8620872497559	42.9129981994629	0.0072592101059854	46.9990997314453
0.358364108251408	47.9171981811523	43.0130004882813	0.00727328006178141	46.9990997314453
0.359197932993993	47.9650344848633	43.1129989624023	0.00730428984388709	47.0989990234375
0.360031728632748	48.0251884460449	43.2130012512207	0.00729663018137217	47.298999786377
0.360925128916278	48.1390495300293	43.3129997253418	0.0073113702237606	47.298999786377
0.361818500095978	48.2561111450195	43.4129981994629	0.00731017999351025	47.398998260498
0.36247365642339	48.3100547790527	43.5130004882813	0.00733682978898287	47.4990005493164
0.36324790562503	48.389217376709	43.6129989624023	0.00735497009009123	47.5993995666504
0.364558189176023	48.5683708190918	43.7130012512207	0.00737845012918115	47.6990013122559
0.36515376996249	48.6205940246582	43.8129997253418	0.00748828006908298	47.798999786377
0.366106716683134	48.6727409362793	43.9129981994629	0.00748019991442561	47.9990005493164
0.36694054142572	48.7524147033691	44.0130004882813	0.00749097997322679	47.9990005493164
0.367476575775072	48.7658958435059	44.1129989624023	0.00748131982982159	48.1991004943848
0.368250824976712	48.797966003418	44.2130012512207	0.00753728998824954	48.1991004943848
0.369203771697357	48.9215393066406	44.3129997253418	0.00755714997649193	48.298999786377
0.370156718418002	49.0345611572266	44.4129981994629	0.00754386000335217	48.3991012573242
0.371228758012876	49.1928215026855	44.5130004882813	0.00755668012425303	48.4990005493164
0.372003007214516	49.2692222595215	44.6129989624023	0.00760051002725959	48.5989990234375
0.372955953935161	49.3522109985352	44.7130012512207	0.00765431998297572	48.6990013122559
0.373730232240632	49.4101638793945	44.8129997253418	0.0080687003210187	48.8988990783691
0.374444935005158	49.4579544067383	44.9129981994629	0.00779516017064452	48.8988990783691
0.375219184206799	49.5061645507813	45.0130004882813	0.00777486013248563	48.9990005493164
0.375993433408439	49.5530662536621	45.1129989624023	0.00779700977727771	49.0992012023926
0.376827258151025	49.6482276916504	45.2130012512207	0.00775627978146076	49.1991004943848
0.37766108289361	49.7425193786621	45.3129997253418	0.00778792984783649	49.298999786377
0.378435361199081	49.8287315368652	45.4129981994629	0.0078261299058795	49.398998260498
0.379388278815895	49.9328231811523	45.5130004882813	0.00782578997313976	49.4990005493164
0.38034122553654	50.0308876037598	45.6129989624023	0.00787334982305765	49.5992012023926
0.381175050279126	50.1011161804199	45.7130012512207	0.00788213033229113	49.6990013122559
0.381949299480766	50.1579627990723	45.8129997253418	0.00790814030915499	49.798999786377
0.382604455808178	50.1630630493164	45.9129981994629	0.00791660044342279	49.898998260498
0.383319158572704	50.2069091796875	46.0130004882813	0.00794002041220665	49.9990005493164
0.384212529752403	50.3056144714355	46.1129989624023	0.00794878974556923	50.0989990234375
0.385105900932103	50.420726776123	46.2130012512207	0.00798606965690851	50.1988983154297
0.385999301215634	50.5230522155762	46.3129997253418	0.00796250998973846	50.298900604248
0.386654428439215	50.5849227905273	46.4129981994629	0.00799361988902092	50.3988990783691
0.387666921596974	50.699951171875	46.5130004882813	0.00803445000201464	50.5988998413086
0.38850074633956	50.7535743713379	46.6129989624023	0.00801911018788815	50.5988998413086
0.389215449104086	50.784595489502	46.7130012512207	0.00806090980768204	50.6988983154297
0.39016839582473	50.8519096374512	46.8129997253418	0.00815215986222029	50.798999786377
0.391002220567316	50.9270706176758	46.9129981994629	0.00811596028506756	50.898998260498
0.391776469768956	50.9657402038574	47.0130004882813	0.00812509004026651	50.9989013671875
0.392550748074427	51.0447387695313	47.1129989624023	0.00816958956420422	51.0989990234375
0.393384572817013	51.1455764770508	47.2130012512207	0.0081345196813345	51.298900604248
0.394218368455768	51.240348815918	47.3129997253418	0.00814507994800806	51.298900604248
0.394992646761239	51.3044929504395	47.4129981994629	0.00822427961975336	51.4990005493164
0.395945593481883	51.3884696960449	47.5130004882813	0.00820162985473871	51.4990005493164
0.396719842683524	51.4409790039063	47.6129989624023	0.00825139041990042	51.5988998413086
0.397553667426109	51.4833030700684	47.7130012512207	0.00828752014786005	51.6988983154297
0.39832791662775	51.5427322387695	47.8129997253418	0.00828365981578827	51.798999786377
0.399102194933221	51.5940628051758	47.9129981994629	0.00832203030586243	51.9989013671875
0.399876444134861	51.6526489257813	48.0130004882813	0.00830818992108107	51.9989013671875
0.400710268877447	51.7606086730957	48.1129989624023	0.00833091977983713	52.0989990234375
0.401603640057147	51.8814697265625	48.2130012512207	0.0082984296604991	52.1991004943848
0.402377918362617	51.951789855957	48.3129997253418	0.00838060025125742	52.298999786377
0.403330835979432	52.04931640625	48.4129981994629	0.00837242044508457	52.398998260498
0.404164660722017	52.1118316650391	48.5130004882813	0.00840902980417013	52.4990005493164
0.405236729420722	52.2069549560547	48.6129989624023	0.00829389970749617	52.6990013122559
0.406070554163307	52.263542175293	48.7130012512207	0.00834398996084929	52.6990013122559
0.406904349802062	52.306640625	48.8129997253418	0.00839179009199142	52.798900604248
0.407619052566588	52.3552169799805	48.9129981994629	0.00842154026031494	52.9084014892578
0.408393330872059	52.458568572998	49.0130004882813	0.00851618964225054	52.9990005493164
0.409227155614644	52.5546951293945	49.1129989624023	0.00849412009119987	53.1987991333008
0.410001404816285	52.6299934387207	49.2130012512207	0.00848708022385836	53.1987991333008
0.410894775995985	52.716064453125	49.3129997253418	0.00854060985147953	53.298900604248
0.411788176279515	52.7878608703613	49.4129981994629	0.00844499003142118	53.3988990783691
0.412860215874389	52.8740158081055	49.5130004882813	0.00851019006222486	53.4989013671875
0.41363449417986	52.9240531921387	49.6129989624023	0.0085490895435214	53.6988983154297
0.4144087433815	52.9770431518555	49.7130012512207	0.00855723023414612	53.6988983154297
0.415361690102145	53.0702323913574	49.8129997253418	0.00856519024819136	53.8988990783691
0.416076392866671	53.1346702575684	49.9129981994629	0.00861341971904039	53.8988990783691
0.416850642068312	53.2245750427246	50.0130004882813	0.0085918502882123	53.9989013671875
0.417684466810897	53.296760559082	50.1129989624023	0.00879362039268017	54.0988998413086
0.418518291553482	53.3654823303223	50.2130012512207	0.00865219999104738	54.1988983154297
0.419411662733182	53.4516372680664	50.3129997253418	0.00867404974997044	54.298900604248
0.420245487475768	53.5033569335938	50.4129981994629	0.00870816968381405	54.3988990783691
0.421198434196413	53.5680160522461	50.5130004882813	0.00877200998365879	54.5988998413086
0.422091805376112	53.6466217041016	50.6129989624023	0.00881453044712543	54.5988998413086
0.422925630118698	53.7216491699219	50.7130012512207	0.00882256031036377	54.7070999145508
0.423521210905164	53.7545623779297	50.8129997253418	0.00886061042547226	54.7988014221191
0.424116791691631	53.7953071594238	50.9129981994629	0.00885675009340048	54.8988990783691
0.424891069997102	53.8713150024414	51.0130004882813	0.00926798954606056	55.0988006591797
0.425843987613916	53.9656448364258	51.1129989624023	0.00901168026030064	55.0988006591797
0.426618265919387	54.0356903076172	51.2130012512207	0.00895066000521183	55.1987991333008
0.427511637099087	54.0916862487793	51.3129997253418	0.0089578703045845	55.298900604248
0.428464583819732	54.1595878601074	51.4129981994629	0.00895391032099724	55.3987998962402
0.429298408562317	54.2261276245117	51.5130004882813	0.00898979976773262	55.5988006591797
0.430132204201072	54.2792930603027	51.6129989624023	0.00900944042950869	55.5988006591797
0.430966028943658	54.3598136901855	51.7130012512207	0.00902345962822437	55.798900604248
0.431740307249129	54.4377326965332	51.8129997253418	0.00904569961130619	55.798900604248
0.43239543447271	54.4662284851074	51.9129981994629	0.00904791988432407	55.8988990783691
0.433169712778181	54.5522384643555	52.0130004882813	0.00904459040611982	55.9989013671875
0.434003537520766	54.6173934936523	52.1129989624023	0.0090893404558301	56.0988998413086
0.434837333159521	54.6784477233887	52.2130012512207	0.00914264004677534	56.298900604248
0.435909401858225	54.7684020996094	52.3129997253418	0.00915475003421307	56.298900604248
0.436802773037925	54.8300285339355	52.4129981994629	0.00909266993403435	56.4987983703613
0.437577051343396	54.8646469116211	52.5130004882813	0.00912549998611212	56.4987983703613
0.438410876085982	54.9476776123047	52.6129989624023	0.00913781020790339	56.5988998413086
0.439185125287622	55.0085868835449	52.7130012512207	0.0092053497210145	56.7988014221191
0.440078496467322	55.1124687194824	52.8129997253418	0.00919742044061422	56.7988014221191
0.440852774772793	55.1899375915527	52.9129981994629	0.00923328008502722	56.9987983703613
0.441686570411548	55.2554244995117	53.0130004882813	0.00923973973840475	56.9987983703613
0.442401302279904	55.2777404785156	53.1129989624023	0.00926887989044189	57.0988006591797
0.443354219896719	55.3502807617188	53.2130012512207	0.00924987997859716	57.1988983154297
0.444247591076419	55.4186859130859	53.3129997253418	0.00928984954953194	57.2988014221191
0.445140991359949	55.4743537902832	53.4129981994629	0.00932614039629698	57.4987983703613
0.446034362539649	55.5875015258789	53.5130004882813	0.00930648017674685	57.4987983703613
0.446868187282234	55.6633949279785	53.6129989624023	0.00932430010288954	57.6987991333008
0.44770201202482	55.7543907165527	53.7130012512207	0.00938711035996675	57.6987991333008
0.448416714789346	55.7979621887207	53.8129997253418	0.00940901041030884	57.7988014221191
0.449190963990986	55.8510055541992	53.9129981994629	0.00944733992218971	57.9987983703613
0.449965242296457	55.8943557739258	54.0130004882813	0.00942109990864992	57.9987983703613
0.450799037935212	55.9514389038086	54.1129989624023	0.0094606801867485	58.1987991333008
0.451692438218743	56.0122833251953	54.2130012512207	0.00946529023349285	58.1987991333008
0.452585809398443	56.0945701599121	54.3129997253418	0.00949400011450052	58.3026008605957
0.453538756119087	56.1844291687012	54.4129981994629	0.00952108018100262	58.3987998962402
0.454372580861673	56.2496795654297	54.5130004882813	0.00951709970831871	58.4987983703613
0.455385074019432	56.3690338134766	54.6129989624023	0.00955639034509659	58.5998992919922
0.456218869658187	56.4751968383789	54.7130012512207	0.00958366971462965	58.6987991333008
0.456576235592365	56.4371490478516	54.8129997253418	0.00963205005973577	58.8987007141113
0.457588728750125	56.5131378173828	54.9129981994629	0.00963686965405941	58.8987007141113
0.458541675470769	56.5904350280762	55.0130004882813	0.0095997704192996	58.9987983703613
0.458839465864003	56.5273246765137	55.1129989624023	0.00966682005673647	59.1987991333008
0.459911505458876	56.5872611999512	55.2130012512207	0.00965849030762911	59.1987991333008
0.461043120594695	56.7278480529785	55.3129997253418	0.00968618039041758	59.3987007141113
0.461876945337281	56.8234329223633	55.4129981994629	0.00965004041790962	59.3987007141113
0.462710770079866	56.912841796875	55.5130004882813	0.0096949003636837	59.4986991882324
0.463544594822451	56.9896621704102	55.6129989624023	0.00969981029629707	59.6986999511719
0.464437966002151	57.0720329284668	55.7130012512207	0.00969981029629707	59.6986999511719
0.465093122329563	57.089916229248	55.8129997253418	0.00973538029938936	59.8987998962402
0.465807825094089	57.1077346801758	55.9129981994629	0.00975271034985781	59.8987998962402
0.466701196273789	57.1739501953125	56.0130004882813	0.00988840963691473	60.0987014770508
0.467594567453489	57.2106895446777	56.1129989624023	0.00992592982947826	60.0987014770508
0.468428392196074	57.2948760986328	56.2130012512207	0.0100132999941707	60.1994018554688
0.469321763375774	57.3709678649902	56.3129997253418	0.00996799021959305	60.3987007141113
0.470215163659304	57.4620552062988	56.4129981994629	0.00996799021959305	60.3987007141113
0.47104898840189	57.5455513000488	56.5130004882813	0.00994512997567654	60.5987014770508
0.471882784040645	57.6250190734863	56.6129989624023	0.009964220225811	60.5987014770508
0.472597486805171	57.6620635986328	56.7130012512207	0.0100071998313069	60.6986999511719
0.473312189569697	57.6617431640625	56.8129997253418	0.0101242000237107	60.798698425293
0.474146014312282	57.7062568664551	56.9129981994629	0.010118099860847	60.8987007141113
0.475039414595813	57.7929496765137	57.0130004882813	0.0101800002157688	61.0987014770508
0.475873210234568	57.8441123962402	57.1129989624023	0.0102123003453016	61.0987014770508
0.476707034977153	57.9057388305664	57.2130012512207	0.0102025000378489	61.2985992431641
0.477481313282624	57.9900283813477	57.3129997253418	0.0102543001994491	61.2985992431641
0.47819601604715	58.0224075317383	57.4129981994629	0.0102369002997875	61.3986015319824
0.47908938722685	58.1274909973145	57.5130004882813	0.0102441003546119	61.4986991882324
0.480042333947495	58.2042198181152	57.6129989624023	0.0102527998387814	61.5988006591797
0.480935705127195	58.2694396972656	57.7130012512207	0.0102513004094362	61.798698425293
0.48176952986978	58.3020935058594	57.8129997253418	0.0102917002514005	61.798698425293
0.482484232634306	58.3206901550293	57.9129981994629	0.0103040002286434	61.8987007141113
0.483318057376891	58.3531761169434	58.0130004882813	0.0103455996140838	61.9986991882324
0.484151853015646	58.4399948120117	58.1129989624023	0.0103756003081799	62.0987014770508
0.485164375277236	58.5646476745605	58.2130012512207	0.0103882001712918	62.298698425293
0.485998170915991	58.6370048522949	58.3129997253418	0.010394399985671	62.298698425293
0.486831995658576	58.7303733825684	58.4129981994629	0.0103861000388861	62.4986991882324
0.487784942379221	58.8178863525391	58.5130004882813	0.0104291997849941	62.4986991882324
0.488499645143747	58.8459053039551	58.6129989624023	0.0105040995404124	62.5985984802246
0.489214377012104	58.8655700683594	58.7130012512207	0.0104604000225663	62.6986999511719
0.490048143547028	58.8980903625488	58.8129997253418	0.0104801999405026	62.798698425293
0.49070332897827	58.9149436950684	58.9129981994629	0.0105026997625828	62.9986000061035
0.491656246595085	59.0027923583984	59.0130004882813	0.0105330999940634	62.9986000061035
0.492609164211899	59.1085586547852	59.1129989624023	0.0105408998206258	63.1986999511719
0.493562140036374	59.2091102600098	59.2130012512207	0.0105782002210617	63.1986999511719
0.49439596477896	59.3023490905762	59.3129997253418	0.0105541003867984	63.2985992431641
0.495229789521545	59.374080657959	59.4129981994629	0.0106383999809623	63.4986991882324
0.496123160701245	59.425537109375	59.5130004882813	0.0106464000418782	63.4986991882324
0.496897380799055	59.468391418457	59.6129989624023	0.0106602003797889	63.698600769043
0.497612112667412	59.5009269714355	59.7130012512207	0.0106953997164965	63.698600769043
0.498505483847111	59.5416831970215	59.8129997253418	0.010691599920392	63.7985992431641
0.499279762152582	59.588493347168	59.9129981994629	0.0107316002249718	63.8986015319824
0.500232679769397	59.6918525695801	60.0130004882813	0.0107471998780966	63.9986000061035
0.501245202030987	59.8113594055176	60.1129989624023	0.0107795000076294	64.198600769043
0.502079026773572	59.9063720703125	60.2130012512207	0.0107770999893546	64.198600769043
0.502972397953272	59.975715637207	60.3129997253418	0.0107835000380874	64.3985977172852
0.503806222695857	60.0321083068848	60.4129981994629	0.0108532002195716	64.3985977172852
0.504699593875557	60.0616226196289	60.5130004882813	0.0108479997143149	64.4985961914063
0.505414267536253	60.0670127868652	60.6129989624023	0.0108682997524738	64.5986022949219
0.506188545841724	60.1110153198242	60.7130012512207	0.0107990000396967	64.698600769043
0.50690327771008	60.129077911377	60.8129997253418	0.0108342003077269	64.8986968994141
0.507617951370776	60.1913452148438	60.9129981994629	0.010929100215435	64.8986968994141
0.508451776113361	60.2726669311523	61.0130004882813	0.0109574003145099	65.0986022949219
0.509345147293061	60.3791275024414	61.1129989624023	0.0109772998839617	65.0986022949219
0.510059879161417	60.4321098327637	61.2130012512207	0.0110013000667095	65.198600769043
0.510893703904003	60.4785385131836	61.3129997253418	0.0110354004427791	65.3984985351563
0.511727528646588	60.5224609375	61.4129981994629	0.0108551001176238	65.3984985351563
0.512501748744398	60.5505447387695	61.5130004882813	0.01102240011096	65.5987014770508
0.513276027049869	60.5815658569336	61.6129989624023	0.0110472999513149	65.5987014770508
0.513990700710565	60.6217994689941	61.7130012512207	0.0110882995650172	65.6986999511719
0.514586339704692	60.6491088867188	61.8129997253418	0.0111817000433803	65.798698425293
0.515539257321507	60.7319183349609	61.9129981994629	0.0111494995653629	65.8986968994141
0.516492174938321	60.8552551269531	62.0130004882813	0.0111475996673107	66.0986022949219
0.517266453243792	60.912296295166	62.1129989624023	0.0111645003780723	66.0986022949219
0.518159824423492	60.972541809082	62.2130012512207	0.0111338002607226	66.2985992431641
0.519112742040306	61.0548248291016	62.3129997253418	0.01117969956249	66.2985992431641
0.520006171427667	61.086856842041	62.4129981994629	0.0111951995640993	66.3985977172852
0.520839937962592	61.1466484069824	62.5130004882813	0.0112281003966928	66.5986022949219
0.521673762705177	61.1802062988281	62.6129989624023	0.0112345004454255	66.5986022949219
0.522448041010648	61.2342147827148	62.7130012512207	0.0112396003678441	66.798698425293
0.523281865753233	61.3274459838867	62.8129997253418	0.0112386997789145	66.798698425293
0.5238774465397	61.3498344421387	62.9129981994629	0.0112699996680021	66.8988037109375
0.5247708177194	61.414680480957	63.0130004882813	0.0112955998629332	66.9988021850586
0.526021583937109	61.5816917419434	63.1129989624023	0.0112936003133655	67.0986022949219
0.526795804034919	61.6148109436035	63.2130012512207	0.0113439001142979	67.2985992431641
0.527689233422279	61.6397743225098	63.3129997253418	0.0113676004111767	67.2985992431641
0.528522999957204	61.6806945800781	63.4129981994629	0.0113880001008511	67.4984970092773
0.52923773182556	61.7150840759277	63.5130004882813	0.011443099938333	67.4984970092773
0.530071556568146	61.7526206970215	63.6129989624023	0.011442200280726	67.5986022949219
0.530905381310731	61.8282089233398	63.7130012512207	0.0114521002396941	67.7985992431641
0.531679659616202	61.8979835510254	63.8129997253418	0.0114521002396941	67.7985992431641
0.532513426151127	61.9854011535645	63.9129981994629	0.0114546995609999	67.8985977172852
0.533287704456598	62.023307800293	64.0130004882813	0.011464299634099	67.9985961914063
0.534300226718187	62.1276092529297	64.1129989624023	0.0115427002310753	68.0986022949219
0.535193597897887	62.1742782592773	64.2129974365234	0.0115194004029036	68.198600769043
0.536086969077587	62.2309646606445	64.3130035400391	0.0115881003439426	68.2985000610352
0.536861247383058	62.2613716125488	64.4130020141602	0.0115731004625559	68.4984970092773
0.537635467480868	62.2972717285156	64.5130004882813	0.0116327004507184	68.4984970092773
0.538409745786339	62.3631973266602	64.6129989624023	0.0116004003211856	68.6985015869141
0.539303116966039	62.4471702575684	64.7129974365234	0.0116343004629016	68.6985015869141
0.54007739527151	62.5241317749023	64.8130035400391	0.0116616999730468	68.7985992431641
0.54097076645121	62.5796318054199	64.9130020141602	0.0116929998621345	68.8984985351563
0.541804591193795	62.6566009521484	65.0130004882813	0.0116953002288938	68.9984970092773
0.542638415936381	62.6780471801758	65.1129989624023	0.0116897001862526	69.1985015869141
0.543591333553195	62.7568588256836	65.2129974365234	0.0117141995579004	69.1985015869141
0.54442515829578	62.7843360900879	65.3130035400391	0.0117370001971722	69.3984985351563
0.545139890164137	62.8034133911133	65.4130020141602	0.011799099855125	69.3984985351563
0.546152354218066	62.9083442687988	65.5130004882813	0.0118038998916745	69.4984970092773
0.546986178960651	62.9805335998535	65.6129989624023	0.0118105001747608	69.5986022949219
0.547462666872889	62.9715194702148	65.7129974365234	0.011829299852252	69.698600769043
0.548415584489703	63.0541572570801	65.8130035400391	0.01184600032866	69.7985992431641
0.549487653188407	63.1697845458984	65.9130020141602	0.0118872001767159	69.8985977172852
0.54990453645587	63.1353721618652	66.0130004882813	0.0119009995833039	69.9985961914063
0.550976605154574	63.2055473327637	66.1129989624023	0.0119436997920275	70.1985015869141
0.552048673853278	63.2899169921875	66.2129974365234	0.0119436997920275	70.1985015869141
0.552822952158749	63.316722869873	66.3130035400391	0.0119735999032855	70.3984985351563
0.553597172256559	63.3556900024414	66.4130020141602	0.0120085999369621	70.3984985351563
0.554252357687801	63.4063835144043	66.5130004882813	0.011986400000751	70.4984970092773
0.555086182430387	63.4841232299805	66.6129989624023	0.0120705002918839	70.598503112793
0.555741309653968	63.5302276611328	66.7129974365234	0.0120449000969529	70.6985015869141
0.556575134396553	63.5816535949707	66.8130035400391	0.0120673999190331	70.7985992431641
0.557587598450482	63.6595878601074	66.9130020141602	0.012079999782145	70.8984985351563
0.558361876755953	63.6711730957031	67.0130004882813	0.0121748000383377	71.098503112793
0.559195701498538	63.7109985351563	67.1129989624023	0.0122050996869802	71.098503112793
0.560029526241124	63.7609786987305	67.2129974365234	0.0122272996231914	71.198600769043
0.560803804546595	63.7814445495605	67.3130035400391	0.0122237000614405	71.3985977172852
0.561578024644405	63.8479270935059	67.4130020141602	0.0122237000614405	71.3985977172852
0.56241184938699	63.9232444763184	67.5130004882813	0.0122429002076387	71.4984970092773
0.563186127692461	64.0024642944336	67.6129989624023	0.0121459001675248	71.5994033813477
0.563900859560817	64.0206604003906	67.7129974365234	0.0121860997751355	71.698600769043
0.564794230740517	64.0819091796875	67.8130035400391	0.0123087000101805	71.7985992431641
0.565925845876336	64.1924743652344	67.9130020141602	0.0123578999191523	71.8985977172852
0.566580973099917	64.1805267333984	68.0130004882813	0.0124246003106236	71.9985961914063
0.567593495361507	64.2332000732422	68.1129989624023	0.0124201001599431	72.098503112793
0.568486866541207	64.2934036254883	68.2129974365234	0.0124158998951316	72.2985000610352
0.569022900890559	64.297737121582	68.3130035400391	0.0124768996611238	72.2985000610352
0.569856667425483	64.3608551025391	68.4130020141602	0.0124549996107817	72.3984985351563
0.57057139929384	64.4077453613281	68.5130004882813	0.012542299926281	72.4984970092773
0.57158392155543	64.4917144775391	68.6129989624023	0.0124867996200919	72.5983963012695
0.57247729273513	64.5584487915039	68.7129974365234	0.0125197004526854	72.7985000610352
0.57325151283294	64.5895233154297	68.8130035400391	0.0125197004526854	72.7985000610352
0.574025791138411	64.5894393920898	68.9130020141602	0.0125356996431947	72.8984985351563
0.574978708755225	64.6587371826172	69.0130004882813	0.0125561999157071	72.9985961914063
0.5759316845797	64.7131958007813	69.1129989624023	0.0125743001699448	73.0986022949219
0.57670590467751	64.7596969604492	69.2129974365234	0.0126350997015834	73.2985000610352
0.577599334064871	64.8352584838867	69.3130035400391	0.0126350997015834	73.2985000610352
0.578254461288452	64.8563003540039	69.4130020141602	0.0127052003517747	73.4984970092773
0.579028739593923	64.9087677001953	69.5130004882813	0.0127052003517747	73.4984970092773
0.579922110773623	64.9711303710938	69.6129989624023	0.012737900018692	73.598503112793
0.580755935516208	64.992561340332	69.7129974365234	0.012755099684	73.6985015869141
0.581708853133023	65.0434341430664	69.8130035400391	0.0127825997769833	73.7985000610352
0.582602224312723	65.0759048461914	69.9130020141602	0.0127951996400952	73.8983993530273
0.583614746574312	65.1333999633789	70.0130004882813	0.0127646001055837	73.9984970092773
0.584567664191127	65.2113952636719	70.1129989624023	0.0127959996461868	74.1985015869141
0.585401488933712	65.2433929443359	70.2129974365234	0.0127646997570992	74.1985015869141
0.586175767239183	65.261589050293	70.3130035400391	0.0127480002120137	74.2985000610352
0.587009591981769	65.2753372192383	70.4130020141602	0.0127688003703952	74.3984985351563
0.587902963161469	65.2554168701172	70.5130004882813	0.0128181995823979	74.4983978271484
0.588677183259279	65.1792526245117	70.6129989624023	0.0127902999520302	74.6985015869141
0.589511008001864	-42.5804252624512	70.7099990844727	0.0127902999520302	74.6985015869141
