File Path: C:\Users\apk5101\Desktop\Sandra\Uncoated_2 01-8-24 11 12 58 AM\DAQ- Crosshead, … - (Timed).txt   
Test: MTS EM Tension (Simplified) with Video Extensometer apk5101 25
Test Run: Uncoated_2
Date: 1/8/2024 10:17:22 AM


Crosshead 	Load 	Time 	Strain 1 	Video Time 
mm	N	sec	mm/mm	sec
-5.95586016061134E-05	2.66770958900452	0.112999998033047	-2.40163008129457E-05	4.99989986419678
0.000119117203212227	2.70573997497559	0.212999999523163	2.6699599402491E-06	5.09989976882935
0.000297793008030567	2.68688344955444	0.312999993562698	7.5436200859258E-06	5.19990015029907
0.000952937625697814	2.78784441947937	0.412999987602234	4.9324498831993E-06	5.29990005493164
0.00226322686103231	2.81629848480225	0.513000011444092	-8.69681025505997E-06	5.39989995956421
0.00333528168994235	2.82994985580444	0.612999975681305	-8.69681025505997E-06	5.49989986419678
0.00434777803093311	2.86050724983215	0.712999999523163	2.11755996133434E-05	5.59989976882935
0.00547939134776243	2.91994524002075	0.813000023365021	3.74562987417448E-05	5.69990015029907
0.00643232897346024	2.96598267555237	0.912999987602234	3.20701001328416E-05	5.79990005493164
0.00774261843616841	3.03305172920227	1.01300001144409	5.68512004974764E-05	5.89979982376099
0.00863599689182593	3.10432386398315	1.11300003528595	6.07180008955766E-05	5.99980020523071
0.00935070056584664	3.15736889839172	1.21300005912781	8.13890001154505E-05	6.09980010986328
0.0103631964520901	3.21168446540833	1.31299996376038	7.69734979257919E-05	6.19980001449585
0.0113161340777879	3.23974299430847	1.41299998760223	9.20974998734891E-05	6.29979991912842
0.0121499542728998	3.28097796440125	1.51300001144409	0.000108776002889499	6.39979982376099
0.0129242162074661	3.30280709266663	1.61300003528595	0.0001148209994426	6.49989986419678
0.0139367130032042	3.32634139060974	1.71300005912781	0.000126604005345143	6.59999990463257
0.014889650628902	3.37147116661072	1.81299996376038	0.000126604005345143	6.69990015029907
0.0157830290845595	3.42637658119202	1.91299998760223	0.000144667006679811	6.79990005493164
0.0167955258802976	3.48459696769714	2.01300001144409	0.000159593997523189	6.89989995956421
0.0176293451659149	3.5596227645874	2.11299991607666	0.000213792998692952	6.99989986419678
0.0183440497494303	3.61462640762329	2.21300005912781	0.00039205900975503	7.09980010986328
0.0191183116839966	3.6548478603363	2.31299996376038	0.000166323996381834	7.19990015029907
0.0200712493096944	3.69802355766296	2.41300010681152	0.000344483996741474	7.29979991912842
0.0207859520742204	3.70407629013062	2.51300001144409	0.000344483996741474	7.40000009536743
0.0216197713598376	3.72743082046509	2.61299991607666	0.000189458995009772	7.49980020523071
0.0224535924644442	3.76825428009033	2.71300005912781	0.000250521989073604	7.59980010986328
0.0233469709201017	3.82341384887695	2.81299996376038	0.000275172002147883	7.69980001449585
0.0241807920247084	3.88577628135681	2.91300010681152	0.000389016000553966	7.79979991912842
0.0252528461714974	3.96253871917725	3.01300001144409	0.00030452900682576	7.89989995956421
0.0259079915849725	4.02227830886841	3.11299991607666	0.000301508989650756	7.99989986419678
0.0266822535195388	4.07694292068481	3.21300005912781	0.000320074002956972	8.09980010986328
0.027516072805156	4.09531259536743	3.31299996376038	0.000341339007718489	8.19979953765869
0.0283498939097626	4.13158988952637	3.41300010681152	0.000459845003206283	8.29979991912842
0.0290645966742886	4.15823030471802	3.51300001144409	0.000490521022584289	8.39980030059814
0.0300770934700267	4.19634437561035	3.61299991607666	0.000354997988324612	8.49979972839355
0.0309704737446737	4.26243829727173	3.71300005912781	0.000354997988324612	8.59980010986328
0.0319829705404118	4.32936716079712	3.81299996376038	0.00039036400266923	8.69979953765869
0.0326976733049378	4.40757274627686	3.91300010681152	0.000384390994440764	8.79979991912842
0.0332932577293832	4.4361834526062	4.01300001144409	0.000427085004048422	8.89980030059814
0.0343653118761722	4.50788021087646	4.11299991607666	0.000411654007621109	8.99979972839355
0.0350204572896473	4.54681015014648	4.21299982070923	0.000433893990702927	9.09980010986328
0.0356160417140927	4.56900548934937	4.31300020217896	0.000439513009041548	9.19979953765869
0.0365689811587799	4.59292364120483	4.41300010681152	0.000443928001914173	9.2996997833252
0.0374028022633865	4.62400054931641	4.51300001144409	0.000459795992355794	9.39980030059814
0.038355738070095	4.68173694610596	4.61299991607666	0.000462383992271498	9.49979972839355
0.0391895591747016	4.74829339981079	4.71299982070923	0.000470308004878461	9.59980010986328
0.0402020559704397	4.8407564163208	4.81300020217896	0.000503571005538106	9.69979953765869
0.0410954344260972	4.92299699783325	4.91300010681152	0.000503571005538106	9.79979991912842
0.0418696981796529	4.96707439422607	5.01300001144409	0.000512059021275491	9.89980030059814
0.0426439582952298	5.01641798019409	5.11299991607666	0.000528934993781149	9.99979972839355
0.0434777793998364	5.04156923294067	5.21299982070923	0.000529891985934228	10.0998001098633
0.0441924821643624	5.05822515487671	5.31300020217896	0.000541976012755185	10.1997003555298
0.0449071849288885	5.09329271316528	5.41300010681152	0.000505356001667678	10.2997999191284
0.045800563384546	5.14045333862305	5.51300001144409	0.000536406994797289	10.3997001647949
0.0466939418402035	5.2130331993103	5.61299991607666	0.000536406994797289	10.4997997283936
0.0475873239338398	5.30059623718262	5.71299982070923	0.000529508979525417	10.5998001098633
0.0485402597405482	5.3861722946167	5.81300020217896	0.000525155977811664	10.6997003555298
0.0492549625050742	5.45661687850952	5.91300010681152	0.000542735971976072	10.7996997833252
0.0502079019497614	5.50034761428833	6.01300001144409	0.000557560997549444	10.8997001647949
0.0511012804054189	5.54134607315063	6.11299991607666	0.000557560997549444	10.9997997283936
0.0518755405209959	5.56424522399902	6.21299982070923	0.00057280802866444	11.0998001098633
0.0525902432855219	5.58793926239014	6.31300020217896	0.00057280802866444	11.1997995376587
0.0533049496880267	5.64799165725708	6.41300010681152	0.000586220994591713	11.2996997833252
0.0541387671546545	5.70555210113525	6.51300001144409	0.000553013000171632	11.3998003005981
0.0549130309082102	5.78061246871948	6.61299991607666	0.000650365022011101	11.4996995925903
0.0556277336727362	5.86018800735474	6.71299982070923	0.000686531013343483	11.5996999740601
0.0568784635106567	5.94164752960205	6.81300020217896	0.000686531013343483	11.6997995376587
0.0578314029553439	6.00953388214111	6.91300010681152	0.0007010159897618	11.7997999191284
0.0586056630709209	6.06905794143677	7.01300001144409	0.0007010159897618	11.8998003005981
0.0593799268244766	6.08992481231689	7.11299991607666	0.000695855997037143	11.9996995925903
0.0602137442911044	6.133544921875	7.21299982070923	0.00070243002846837	12.0998001098633
0.0610475690336898	6.1663236618042	7.31300020217896	0.000703081022948027	12.1997003555298
0.0616431498201564	6.21757793426514	7.41300010681152	0.000741478987038136	12.2997999191284
0.0624769745627418	6.28097486495972	7.51300001144409	0.000741478987038136	12.3997001647949
0.0633107920293696	6.37258863449097	7.61299991607666	0.000888036971446127	12.4996995925903
0.0642041704850271	6.45072412490845	7.71299982070923	0.000891626987140626	12.5998001098633
0.0652166709187441	6.54702711105347	7.81300020217896	0.000913598982151598	12.6997003555298
0.0661100493744016	6.59949254989624	7.91300010681152	0.000911156996153295	12.7996997833252
0.0668843058519997	6.63280296325684	8.01299953460693	0.000911156996153295	12.8998003005981
0.0677181305945851	6.6646900177002	8.11299991607666	0.000953404989559203	12.9996995925903
0.0686115090502426	6.71702718734741	8.21300029754639	0.000953404989559203	13.0996999740601
0.0693262118147686	6.78839111328125	8.3129997253418	0.000983159989118576	13.1997003555298
0.0701004755683243	6.86317777633667	8.41300010681152	0.0010083899833262	13.2996997833252
0.0709342930349521	6.93700218200684	8.51299953460693	0.00102501001674682	13.3997001647949
0.0718276714906096	7.03414869308472	8.61299991607666	0.000932922004722059	13.4996995925903
0.0727806109352969	7.10726594924927	8.71300029754639	0.000932922004722059	13.5996999740601
0.0737335503799841	7.17016887664795	8.8129997253418	0.00103256001602858	13.6997003555298
0.0745078068575822	7.21503591537476	8.91300010681152	0.00103421998210251	13.7996997833252
0.0753416316001676	7.2636456489563	9.01299953460693	0.00106269004754722	13.8997001647949
0.0761158953537233	7.28394603729248	9.11299991607666	0.00107083003968	13.9996995925903
0.0769497128203511	7.36248254776001	9.21300029754639	0.00107083003968	14.0998001098633
0.0777835302869789	7.42556285858154	9.3129997253418	0.000985894002951682	14.1997003555298
0.0784386793384328	7.51062488555908	9.41300010681152	0.000985368969850242	14.2996997833252
0.0793320577940904	7.6077561378479	9.51299953460693	0.0010130200535059	14.4003000259399
0.0802849972387776	7.672926902771	9.61299991607666	0.0010184800485149	14.4996004104614
0.0811783756944351	7.73648881912231	9.71300029754639	0.00103795004542917	14.5996999740601
0.0820717541500926	7.79264402389526	9.8129997253418	0.00105022999923676	14.6997003555298
0.0829055716167204	7.82810306549072	9.91300010681152	0.00108416995499283	14.799599647522
0.0836202743812464	7.86641597747803	10.0129995346069	0.0012414800003171	14.8996000289917
0.0843349771457724	7.90855264663696	10.1129999160767	0.00111207005102187	14.9996995925903
0.0851688018883578	7.97933912277222	10.2130002975464	0.0011241800384596	15.0996999740601
0.0858835046528839	8.0514612197876	10.3129997253418	0.00119225995149463	15.1997003555298
0.0865982074174099	8.13591003417969	10.4130001068115	0.00113397999666631	15.2996997833252
0.0874320248840377	8.22423839569092	10.5129995346069	0.00118502997793257	15.3997001647949
0.0883849643287249	8.2947473526001	10.6129999160767	0.00118502997793257	15.4996995925903
0.0892783427843824	8.36172962188721	10.7130002975464	0.00118436000775546	15.5995998382568
0.0901717212400399	8.40694618225098	10.8129997253418	0.0012638500193134	15.6996002197266
0.0908268630155362	8.4575719833374	10.9130001068115	0.00125922996085137	15.7996997833252
0.0914820120669901	8.49013996124268	11.0129995346069	0.0012775199720636	15.8996000289917
0.0924945052247494	8.57382965087891	11.1129999160767	0.0013144799740985	15.9996004104614
0.0932687689783052	8.64529132843018	11.2130002975464	0.00130201003048569	16.0995998382568
0.094102586444933	8.75052738189697	11.3129997253418	0.00133209000341594	16.1996002197266
0.0948768501984887	8.82065200805664	11.4130001068115	0.00138717994559556	16.2996006011963
0.0957702286541462	8.89248085021973	11.5129995346069	0.00139444996602833	16.3995990753174
0.0967231680988334	8.94636631011963	11.6129999160767	0.00142161000985652	16.4995994567871
0.0976761075435206	9.02498340606689	11.7130002975464	0.00140939000993967	16.5995998382568
0.0985099250101484	9.05814170837402	11.8129997253418	0.00142196996603161	16.6996002197266
0.0992246277746744	9.11069297790527	11.9130001068115	0.00146168994251639	16.7996006011963
0.100118006230332	9.19145679473877	12.0129995346069	0.00149268005043268	16.8995990753174
0.100892269983888	9.26160907745361	12.1129999160767	0.00158498995006084	16.9995994567871
0.101845209428575	9.37849140167236	12.2130002975464	0.00162363005802035	17.0995998382568
0.102738587884232	9.46928405761719	12.3129997253418	0.00162068998906761	17.1996002197266
0.103453290648758	9.51841449737549	12.4130001068115	0.00164287001825869	17.2996006011963
0.104406230093446	9.57855129241943	12.5129995346069	0.00155301997438073	17.3995990753174
0.105359162262175	9.65833568572998	12.6129999160767	0.00150254997424781	17.4995994567871
0.106192987004761	9.69440078735352	12.7130002975464	0.00166443001944572	17.5995998382568
0.107145926449448	9.77353763580322	12.8129997253418	0.00150265998672694	17.6996002197266
0.107979743916076	9.84123992919922	12.9130001068115	0.00161189003847539	17.7996006011963
0.108634885691572	9.90777492523193	13.0129995346069	0.00166150997392833	17.8995990753174
0.109349588456098	10.009256362915	13.1129999160767	0.00162128999363631	17.9995994567871
0.110242966911756	10.0861968994141	13.2130002975464	0.00162604998331517	18.0995998382568
0.111076791654341	10.1922779083252	13.3129997253418	0.00168355996720493	18.1996002197266
0.111910609120969	10.2457027435303	13.4130001068115	0.00164723000489175	18.2996006011963
0.112803987576626	10.3146028518677	13.5129995346069	0.00163936999160796	18.3995990753174
0.113816488010343	10.3825016021729	13.6129999160767	0.00165736000053585	18.4995994567871
0.11476942745503	10.4469289779663	13.7130002975464	0.0016793500399217	18.5995998382568
0.115662805910688	10.5172824859619	13.8129997253418	0.0016710200579837	18.6996002197266
0.116437062388286	10.6069183349609	13.9130001068115	0.00169951003044844	18.7996006011963
0.117211326141842	10.69700050354	14.0129995346069	0.00172070995904505	18.8995990753174
0.117985589895397	10.7786703109741	14.1129999160767	0.00173789996188134	18.9995994567871
0.118819407362025	10.8671188354492	14.2130002975464	0.00180491001810879	19.0995006561279
0.119534110126551	10.920111656189	14.3129997253418	0.00179471005685627	19.2000007629395
0.120487049571238	10.9830760955811	14.4130001068115	0.00181208003778011	19.2996006011963
0.121320867037866	11.0552778244019	14.5129995346069	0.00179908995050937	19.3995990753174
0.122154684504494	11.1094541549683	14.6129999160767	0.00183068995829672	19.4995002746582
0.123048070236109	11.1736717224121	14.7130002975464	0.00187556003220379	19.5995998382568
0.123703212011606	11.2594938278198	14.8129997253418	0.00190014997497201	19.6996002197266
0.124298807349987	11.3201274871826	14.9130001068115	0.00193330005276948	19.7994995117188
0.125192178529687	11.4187679290771	15.0129995346069	0.00199958006851375	19.8995990753174
0.125847320305184	11.4785604476929	15.1129999160767	0.00198908988386393	19.9995994567871
0.126145110698417	11.5077133178711	15.2130002975464	0.00200172001495957	20.0995998382568
0.127217164845206	11.5477313995361	15.3129997253418	0.00192022998817265	20.199499130249
0.12822967255488	11.6381139755249	15.4130001068115	0.00210268003866076	20.2994995117188
0.129003936308436	11.6957311630249	15.5129995346069	0.00202818005345762	20.3995990753174
0.129897307488136	11.781717300415	15.6129999160767	0.00201288005337119	20.4995002746582
0.130731132230721	11.8476696014404	15.7130002975464	0.00209841993637383	20.5995006561279
0.131445834995247	11.9265670776367	15.8129997253418	0.00208902009762824	20.699499130249
0.132160537759773	12.0057668685913	15.9130001068115	0.00209127995185554	20.7994995117188
0.132934801513329	12.088041305542	16.0130004882813	0.0020921400282532	20.8994998931885
0.133887733682059	12.1765470504761	16.113000869751	0.00208829995244741	20.9995002746582
0.134542875457555	12.2205142974854	16.2129993438721	0.00210847007110715	21.0995006561279
0.13543626118917	12.2867670059204	16.3129997253418	0.00211711996234953	21.199499130249
0.136210524942726	12.3399591445923	16.4130001068115	0.00211326009593904	21.2994995117188
0.137103896122426	12.4234533309937	16.5130004882813	0.00217926991172135	21.3994998931885
0.138116389280185	12.5131750106812	16.613000869751	0.00216414988972247	21.4995002746582
0.1390097750118	12.6332225799561	16.7129993438721	0.00218648998998106	21.5995006561279
0.139724477776326	12.6959600448608	16.8129997253418	0.00208628992550075	21.699499130249
0.140677409945056	12.8016405105591	16.9130001068115	0.00215181009843946	21.7994995117188
0.14168991765473	12.9076414108276	17.0130004882813	0.00218067993409932	21.8994998931885
0.142464166856371	12.9798974990845	17.113000869751	0.00210387003608048	21.9995002746582
0.143000201205723	12.9901342391968	17.2129993438721	0.00209111999720335	22.0995006561279
0.144072255352512	13.0797462463379	17.3129997253418	0.00220483005978167	22.199499130249
0.144906080095097	13.1578416824341	17.4130001068115	0.00223619001917541	22.2994995117188
0.145501660881564	13.1992216110229	17.5130004882813	0.002507199998945	22.3994998931885
0.146871505421586	13.3748912811279	17.613000869751	0.00232277996838093	22.4993991851807
0.147764891153201	13.4784059524536	17.7129993438721	0.00228593009524047	22.5995006561279
0.148598715895787	13.5837001800537	17.8129997253418	0.0022987499833107	22.699499130249
0.149492087075487	13.6682119369507	17.9130001068115	0.00229204003699124	22.7994995117188
0.150206789840013	13.7400798797607	18.0130004882813	0.00232015992514789	22.8994998931885
0.151040614582598	13.7834501266479	18.113000869751	0.00231394008733332	22.9995002746582
0.152053107740358	13.8565034866333	18.2129993438721	0.0023460800293833	23.0995006561279
0.152827371493913	13.9134683609009	18.3129997253418	0.00235643004998565	23.199499130249
0.153839864651673	14.0317401885986	18.4130001068115	0.002359309932217	23.2994995117188
0.154495006427169	14.1055908203125	18.5130004882813	0.00242329994216561	23.3994998931885
0.155328831169754	14.2207689285278	18.613000869751	0.002453220076859	23.4995002746582
0.156222216901369	14.3356227874756	18.7129993438721	0.002453220076859	23.5995006561279
0.15699646610301	14.4313793182373	18.8129997253418	0.00244113011285663	23.699499130249
0.157770729856566	14.4908437728882	18.9130001068115	0.00251914002001286	23.7994995117188
0.158664115588181	14.5558624267578	19.0130004882813	0.00246382993645966	23.8994998931885
0.159438379341736	14.6103792190552	19.113000869751	0.0024713899474591	23.9995002746582
0.160212643095292	14.6719942092896	19.2129993438721	0.00255461991764605	24.0995006561279
0.160986892296933	14.7524604797363	19.3129997253418	0.00250404002144933	24.199499130249
0.161880278028548	14.8516454696655	19.4130001068115	0.00251425011083484	24.2994995117188
0.162833210197277	14.9628934860229	19.5130004882813	0.00264276005327702	24.3994998931885
0.163786156917922	15.0979108810425	19.613000869751	0.00254624988883734	24.4995002746582
0.164560420671478	15.1968584060669	19.7129993438721	0.00260787992738187	24.5995006561279
0.165394230862148	15.2884635925293	19.8129997253418	0.0026107900775969	24.699499130249
0.166168494615704	15.358154296875	19.9130001068115	0.00271006999537349	24.7994995117188
0.1668236363912	15.4007415771484	20.0130004882813	0.00262369005940855	24.8994998931885
0.167657461133786	15.4470243453979	20.113000869751	0.00263513997197151	24.9995002746582
0.168431724887341	15.525616645813	20.2129993438721	0.0026978999376297	25.0995006561279
0.169325096067041	15.6291246414185	20.3129997253418	0.00269468990154564	25.199499130249
0.170337603776716	15.7651147842407	20.4130001068115	0.00265592010691762	25.2994003295898
0.171290535945445	15.8913259506226	20.5130004882813	0.00268755992874503	25.3994998931885
0.172064799699001	15.9849681854248	20.613000869751	0.00269527989439666	25.4993991851807
0.172839063452557	16.0861396789551	20.7129993438721	0.0026965900324285	25.5995006561279
0.173613327206112	16.142147064209	20.8129997253418	0.00266200001351535	25.699499130249
0.174328029970638	16.1962108612061	20.9130001068115	0.0026354999281466	25.7994003295898
0.175042732735164	16.2553367614746	21.0130004882813	0.00264360010623932	25.8994007110596
0.175995664903894	16.3437271118164	21.113000869751	0.00262795994058251	25.9995002746582
0.17676992865745	16.4363670349121	21.2129993438721	0.00263755000196397	26.0995006561279
0.177425070432946	16.5058746337891	21.3129997253418	0.00265679997391999	26.1993999481201
0.178497124579735	16.6471290588379	21.4130001068115	0.00265331007540226	26.2994995117188
0.17945007130038	16.7869853973389	21.5130004882813	0.00264534004963934	26.3994998931885
0.18028388149105	16.8662223815918	21.613000869751	0.00267690001055598	26.4995002746582
0.181058145244606	16.9613914489746	21.7129993438721	0.00267651001922786	26.5995006561279
0.181653726031072	16.9946212768555	21.8129997253418	0.00267651001922786	26.6993999481201
0.182547111762688	17.0920028686523	21.9130001068115	0.00270200008526444	26.7994995117188
0.183261814527214	17.1522350311279	22.0130004882813	0.00271960999816656	26.8994007110596
0.184155200258829	17.2589149475098	22.113000869751	0.00273666996508837	26.9993991851807
0.185048571438529	17.3532752990723	22.2129993438721	0.00275689992122352	27.0995006561279
0.185882396181114	17.4871883392334	22.3129997253418	0.00275689992122352	27.199499130249
0.187014011316933	17.6511554718018	22.4130001068115	0.00247209006920457	27.2994003295898
0.187788275070488	17.7440128326416	22.5130004882813	0.00276539009064436	27.3994007110596
0.188622085261159	17.8553199768066	22.613000869751	0.00272926990874112	27.4993991851807
0.189396349014714	17.9286308288574	22.7129993438721	0.0028214599005878	27.5993995666504
0.189991944353096	17.9608287811279	22.8129997253418	0.0028319600969553	27.6993999481201
0.190766193554737	18.0090045928955	22.9130001068115	0.00298053002916276	27.7994003295898
0.191659579286352	18.1349315643311	23.0130004882813	0.00298053002916276	27.8994007110596
0.192612511455081	18.242208480835	23.113000869751	0.00352146988734603	27.9993991851807
0.193446336197667	18.3862323760986	23.2129993438721	0.00352146988734603	28.0993995666504
0.194280160940252	18.4951839447021	23.3129997253418	0.00276435003615916	28.1993999481201
0.195233093108982	18.6220569610596	23.4130001068115	0.00283728004433215	28.2994003295898
0.196126478840597	18.7378921508789	23.5130004882813	0.00278641004115343	28.3994998931885
0.196841181605123	18.7922325134277	23.613000869751	0.00281006004661322	28.4993991851807
0.197734552784823	18.8761692047119	23.7129993438721	0.00281006004661322	28.5993995666504
0.198508816538379	18.9730758666992	23.8129997253418	0.00291783991269767	28.6993999481201
0.199283080291934	19.0499591827393	23.9130001068115	0.00283576990477741	28.7994003295898
0.199938222067431	19.1298484802246	24.0130004882813	0.0029551899060607	28.8994007110596
0.20095071522519	19.2945938110352	24.113000869751	0.00301941996440291	28.9993991851807
0.201844100956805	19.4237670898438	24.2129993438721	0.00301941996440291	29.0993995666504
0.202737472136505	19.5455532073975	24.3129997253418	0.00300983991473913	29.1993999481201
0.203511735890061	19.6476612091064	24.4130001068115	0.0029354200232774	29.2994003295898
0.204405121621676	19.7501850128174	24.5130004882813	0.00294820009730756	29.3994998931885
0.205238931812346	19.8393611907959	24.613000869751	0.00292140990495682	29.4993991851807
0.206132317543961	19.9144153594971	24.7129993438721	0.0030137300491333	29.5993995666504
0.206847020308487	20.0153045654297	24.8129997253418	0.00299857999198139	29.6993999481201
0.207621284062043	20.0813617706299	24.9130001068115	0.00301963998936117	29.7992992401123
0.208455108804628	20.2284450531006	25.0130004882813	0.00309167010709643	29.8994007110596
0.209288918995298	20.3455696105957	25.113000869751	0.00318384007550776	29.9993991851807
0.210003621759824	20.4460868835449	25.2129993438721	0.00310999993234873	30.0993995666504
0.211075675906613	20.5834121704102	25.3129997253418	0.00310236006043851	30.1993999481201
0.212028622627258	20.7043571472168	25.4130001068115	0.00325580011121929	30.2994003295898
0.212862432817928	20.7998828887939	25.5130004882813	0.00317551009356976	30.3994007110596
0.213874940527603	20.9180202484131	25.613000869751	0.00323653989471495	30.4993000030518
0.214291852898896	20.9544849395752	25.7129993438721	0.00329195009544492	30.5993003845215
0.215006555663422	21.015832901001	25.8129997253418	0.00320628006011248	30.6993007659912
0.216078609810211	21.2039546966553	25.9130001068115	0.00322420010343194	30.7992992401123
0.216555068618618	21.291316986084	26.0130004882813	0.00322500988841057	30.899299621582
0.217150663957	21.3633823394775	26.113000869751	0.00322500988841057	30.9993991851807
0.218460947507992	21.5692081451416	26.2129993438721	0.00326551008038223	31.0993003845215
0.219354333239608	21.6925868988037	26.3129997253418	0.00326551008038223	31.1993007659912
0.220247704419307	21.7918376922607	26.4130001068115	0.00337221007794142	31.2992992401123
0.221141090150923	21.8951854705811	26.5130004882813	0.00328600988723338	31.399299621582
0.221855792915449	21.9811668395996	26.613000869751	0.00338253006339073	31.4993000030518
0.222510934690945	22.0628471374512	26.7129993438721	0.00340444990433753	31.5993003845215
0.22334475943353	22.1668395996094	26.8129997253418	0.00334919011220336	31.6993007659912
0.22423813061323	22.3242340087891	26.9130001068115	0.0033406401053071	31.7994003295898
0.225131516344845	22.4529132843018	27.0130004882813	0.00350726000033319	31.899299621582
0.225905780098401	22.5563373565674	27.113000869751	0.00337167992256582	31.9993991851807
0.226858712267131	22.6935882568359	27.2129993438721	0.00336272991262376	32.0993003845215
0.22781164443586	22.8167209625244	27.3129997253418	0.00336272991262376	32.1992988586426
0.228764591156505	22.9309558868408	27.4130001068115	0.0035053500905633	32.2993011474609
0.229538854910061	23.0250587463379	27.5130004882813	0.00341055006720126	32.399299621582
0.230193996685557	23.0868549346924	27.613000869751	0.00350920995697379	32.4992980957031
0.231087367865257	23.2117481231689	27.7129993438721	0.003648960031569	32.5993995666504
0.232040314585902	23.3674087524414	27.8129997253418	0.00366480997763574	32.6992988586426
0.233112368732691	23.5204944610596	27.9130001068115	0.00368798989802599	32.7993011474609
0.233469720114954	23.5995025634766	28.0130004882813	0.00370483007282019	32.899299621582
0.234303530305624	23.6658935546875	28.113000869751	0.00369997997768223	32.9992980957031
0.235494706430472	23.8565864562988	28.2129993438721	0.00367710995487869	33.0993003845215
0.235911618801765	23.8747615814209	28.3129997253418	0.00369505002163351	33.1992988586426
0.236864550970495	23.9721527099609	28.4130001068115	0.00372527004219592	33.2991981506348
0.237996166106313	24.1557788848877	28.5130004882813	0.00370633997954428	33.3992004394531
0.23865130788181	24.2514343261719	28.613000869751	0.00373614998534322	33.4991989135742
0.239306464209221	24.3375186920166	28.7129993438721	0.00373614998534322	33.5993003845215
0.240080713410862	24.4642200469971	28.8129997253418	0.00375495990738273	33.6991996765137
0.240914538153447	24.5911808013916	28.9130001068115	0.00380859989672899	33.7991981506348
0.241688801907003	24.7076187133789	29.0130004882813	0.00380634004250169	33.8992004394531
0.242522626649588	24.8096256256104	29.113000869751	0.00381147000007331	33.9992980957031
0.243356436840259	24.8965549468994	29.2129993438721	0.00381147000007331	34.0993003845215
0.244190276134759	24.9979572296143	29.3129997253418	0.00383717007935047	34.1991996765137
0.245083647314459	25.0990009307861	29.4130001068115	0.00386807997711003	34.2991981506348
0.245917472057045	25.2361907958984	29.5130004882813	0.00388052989728749	34.399299621582
0.246632174821571	25.3491191864014	29.613000869751	0.0045143598690629	34.4992980957031
0.247346877586097	25.4605560302734	29.7129993438721	0.00420774985104799	34.5993003845215
0.248121126787737	25.5728931427002	29.8129997253418	0.00385726010426879	34.6991996765137
0.248954951530322	25.6981048583984	29.9130001068115	0.00385726010426879	34.7993011474609
0.249848322710022	25.7909049987793	30.0130004882813	0.00395630020648241	34.8992004394531
0.250741722993553	25.9054679870605	30.113000869751	0.00395214976742864	34.9991989135742
0.251575518632308	25.979076385498	30.2129993438721	0.00395544013008475	35.0993003845215
0.252588040893897	26.124698638916	30.3129997253418	0.00395885994657874	35.1992988586426
0.253362290095538	26.2371520996094	30.4130001068115	0.00401125987991691	35.2991981506348
0.254196114838123	26.3520641326904	30.5130004882813	0.00387993990443647	35.3992004394531
0.254970364039764	26.4867000579834	30.613000869751	0.00389410997740924	35.4991989135742
0.25568506680429	26.5972442626953	30.7129993438721	0.00389084010384977	35.5992012023926
0.256518891546875	26.7032375335693	30.8129997253418	0.00392303010448813	35.6992988586426
0.257293169852346	26.8166770935059	30.9130001068115	0.00392886996269226	35.7993011474609
0.258126965491101	26.9095516204834	31.0130004882813	0.00394238019362092	35.8992004394531
0.259020365774632	27.0193157196045	31.113000869751	0.00394238019362092	35.9991989135742
0.259854190517217	27.1256160736084	31.2129993438721	0.00397439021617174	36.0992012023926
0.260807108134031	27.2464084625244	31.3129997253418	0.0039899698458612	36.1992988586426
0.261640932876617	27.3675956726074	31.4130001068115	0.00399415986612439	36.2993011474609
0.262534304056317	27.5318069458008	31.5130004882813	0.00401713978499174	36.3992004394531
0.263368128798902	27.6592712402344	31.613000869751	0.00403006002306938	36.4991989135742
0.264261499978602	27.79807472229	31.7129993438721	0.00408567022532225	36.5992012023926
0.264976202743128	27.884786605835	31.8129997253418	0.00406082021072507	36.6991996765137
0.265810027485713	27.9783248901367	31.9130001068115	0.00408850004896522	36.7991981506348
0.266822520643473	28.1110229492188	32.0130004882813	0.00408429000526667	36.8992004394531
0.267656345386058	28.2053718566895	32.1129989624023	0.00409092009067535	36.9991989135742
0.268430623691529	28.3120613098145	32.2130012512207	0.00411750003695488	37.0992012023926
0.269443116849288	28.4716510772705	32.3129997253418	0.00411750003695488	37.1991004943848
0.270336488028988	28.6119651794434	32.4129981994629	0.00414768001064658	37.2990989685059
0.271170312771574	28.7511539459229	32.5130004882813	0.00426163012161851	37.3992004394531
0.27176589355804	28.8451194763184	32.6129989624023	0.00433056987822056	37.4991989135742
0.272361474344507	28.903491973877	32.7130012512207	0.00422198977321386	37.5992012023926
0.273314421065152	29.0048656463623	32.8129997253418	0.00419643986970186	37.6991996765137
0.274386460660025	29.1448669433594	32.9129981994629	0.00422031991183758	37.7991981506348
0.27533940738067	29.2514495849609	33.0130004882813	0.00422031991183758	37.8992004394531
0.276113685686141	29.3688907623291	33.1129989624023	0.0042885597795248	37.9991989135742
0.277126178843901	29.508617401123	33.2130012512207	0.00437510013580322	38.0990982055664
0.278079096460715	29.658634185791	33.3129997253418	0.00439787982031703	38.1991996765137
0.278734252788126	29.7535915374756	33.4129981994629	0.00438906019553542	38.2991981506348
0.279568077530712	29.8730564117432	33.5130004882813	0.00443698978051543	38.3992004394531
0.280223204754293	29.9741230010986	33.6129989624023	0.00442554010078311	38.4991989135742
0.280937907518819	30.0578346252441	33.7130012512207	0.0044126701541245	38.5992012023926
0.281593063846231	30.1182060241699	33.8129997253418	0.0044691301882267	38.6991996765137
0.28260555700399	30.2470951080322	33.9129981994629	0.0044536697678268	38.7991981506348
0.283677625702694	30.3969421386719	34.0130004882813	0.00447956984862685	38.8992004394531
0.284451874904335	30.5154495239258	34.1129989624023	0.00447057979181409	38.9991989135742
0.28528569964692	30.6280517578125	34.2130012512207	0.00454609980806708	39.0992012023926
0.28617907082662	30.7827110290527	34.3129997253418	0.00454082014039159	39.1991996765137
0.286893773591146	30.8923683166504	34.4129981994629	0.00453187013044953	39.2991981506348
0.287727598333731	31.027135848999	34.5130004882813	0.00453134998679161	39.3992004394531
0.288561423076317	31.1015167236328	34.6129989624023	0.0045680501498282	39.4991989135742
0.289335672277957	31.2076435089111	34.7130012512207	0.00456729996949434	39.5992012023926
0.290050375042483	31.2740535736084	34.8129997253418	0.00460149999707937	39.6991996765137
0.290943775326014	31.3717041015625	34.9129981994629	0.00460149999707937	39.7991981506348
0.291956268483773	31.5221652984619	35.0130004882813	0.00460417987778783	39.8992004394531
0.292968761641532	31.667552947998	35.1129989624023	0.00460417987778783	39.9991989135742
0.293802586384118	31.8055438995361	35.2130012512207	0.00464054988697171	40.0992012023926
0.294576835585758	31.9337940216064	35.3129997253418	0.00465688994154334	40.1991004943848
0.295410660328344	32.0607070922852	35.4129981994629	0.00466792983934283	40.2990989685059
0.296184909529984	32.1418800354004	35.5130004882813	0.00466948002576828	40.3992004394531
0.297018734272569	32.2336616516113	35.6129989624023	0.00467881001532078	40.4990997314453
0.29779301257804	32.3018913269043	35.7130012512207	0.00469915987923741	40.5990982055664
0.298567261779681	32.3925094604492	35.8129997253418	0.00472977990284562	40.6991004943848
0.299460632959381	32.5152931213379	35.9129981994629	0.00472821015864611	40.7991981506348
0.300413579680026	32.6522254943848	36.0130004882813	0.00474982988089323	40.8991012573242
0.301306950859725	32.7882041931152	36.1129989624023	0.00474982988089323	40.9991989135742
0.302021653624251	32.9007301330566	36.2130012512207	0.00481978012248874	41.0990982055664
0.302855478366837	33.0288887023926	36.3129997253418	0.00481978012248874	41.1991996765137
0.303689303109422	33.1422386169434	36.4129981994629	0.00479765003547072	41.2991981506348
0.304344459436834	33.2078399658203	36.5130004882813	0.0048103597946465	41.3992004394531
0.304999586660415	33.2596435546875	36.6129989624023	0.00481209019199014	41.4990997314453
0.30595253338106	33.3943214416504	36.7130012512207	0.00483410013839602	41.5990982055664
0.306667236145586	33.4663276672363	36.8129997253418	0.00483410013839602	41.6991004943848
0.307143694953993	33.5317878723145	36.9129981994629	0.00489956978708506	41.7990989685059
0.308334885630757	33.6928100585938	37.0130004882813	0.00489816023036838	41.8991012573242
0.309347378788516	33.8695411682129	37.1129989624023	0.00490360986441374	41.9990997314453
0.310121627990156	33.9994735717773	37.2130012512207	0.00493037002161145	42.0990982055664
0.310955452732742	34.1171112060547	37.3129997253418	0.00495941983535886	42.1991004943848
0.311848823912442	34.2162857055664	37.4129981994629	0.00497280992567539	42.2990989685059
0.312444433802739	34.2608833312988	37.5130004882813	0.00497280992567539	42.3991012573242
0.313159136567265	34.3280792236328	37.6129989624023	0.00496573001146317	42.4990997314453
0.314052507746965	34.4373664855957	37.7130012512207	0.00497830985113978	42.5990982055664
0.31488633248955	34.5509643554688	37.8129997253418	0.00499352999031544	42.6991004943848
0.31577970366925	34.6866989135742	37.9129981994629	0.00503933010622859	42.798999786377
0.31655395287089	34.8121376037598	38.0130004882813	0.00503347022458911	42.8991012573242
0.317506899591535	34.9645156860352	38.1129989624023	0.00510672014206648	42.9990997314453
0.318400270771235	35.0774040222168	38.2130012512207	0.00510672014206648	43.0990982055664
0.319293671054766	35.1941757202148	38.3129997253418	0.00508025009185076	43.1991004943848
0.320067920256406	35.260871887207	38.4129981994629	0.00510076992213726	43.2990989685059
0.320723076583818	35.3262138366699	38.5130004882813	0.00510868011042476	43.3991012573242
0.321556872222573	35.4008903503418	38.6129989624023	0.00512129021808505	43.4990997314453
0.322450272506103	35.5310592651367	38.7130012512207	0.00512129021808505	43.5990982055664
0.323462765663862	35.6878280639648	38.8129997253418	0.00502709997817874	43.6991004943848
0.324296590406448	35.8285903930664	38.9129981994629	0.00514345010742545	43.798999786377
0.325130415149033	35.956169128418	39.0130004882813	0.00518464995548129	43.898998260498
0.326023786328733	36.065673828125	39.1129989624023	0.00519258994609118	43.9990997314453
0.326678913552314	36.1324119567871	39.2130012512207	0.00532886013388634	44.0990982055664
0.32739361631684	36.2155570983887	39.3129997253418	0.00524184992536902	44.1991004943848
0.328525231452659	36.359073638916	39.4129981994629	0.00524184992536902	44.2990989685059
0.329239934217185	36.4311981201172	39.5130004882813	0.00521236006170511	44.398998260498
0.330133334500715	36.5470428466797	39.6129989624023	0.00537008000537753	44.4990005493164
0.330967159243301	36.6568565368652	39.7130012512207	0.00522053986787796	44.5990982055664
0.331800954882056	36.7757911682129	39.8129997253418	0.00527486018836498	44.6990013122559
0.332813448039815	36.9526710510254	39.9129981994629	0.00528735993430018	44.7990989685059
0.333587726345286	37.0683364868164	40.0130004882813	0.00531563023105264	44.898998260498
0.334421551087871	37.1595191955566	40.1129989624023	0.00530658010393381	44.9990005493164
0.335374468704686	37.2787399291992	40.2130012512207	0.00533040007576346	45.0989990234375
0.336089171469212	37.3259315490723	40.3129997253418	0.00535146007314324	45.1991004943848
0.336863449774683	37.4265937805176	40.4129981994629	0.00484669022262096	45.2990989685059
0.337697274517268	37.5031890869141	40.5130004882813	0.00508463010191917	45.3991012573242
0.338292855303735	37.5978355407715	40.6129989624023	0.00508463010191917	45.4990005493164
0.339186226483434	37.6946411132813	40.7130012512207	0.00531045999377966	45.5989990234375
0.340377417160198	37.9040832519531	40.8129997253418	0.00536232022568583	45.6990013122559
0.341092119924724	38.0024299621582	40.9129981994629	0.00540192006155849	45.798999786377
0.341985491104424	38.1118545532227	41.0130004882813	0.00543294008821249	45.8991012573242
0.342759740306064	38.2007827758789	41.1129989624023	0.00544806988909841	45.9990005493164
0.343534018611535	38.2765350341797	41.2130012512207	0.00544865988194942	46.0989990234375
0.344546511769295	38.3776168823242	41.3129997253418	0.00546478014439344	46.1990013122559
0.345261214533821	38.4652481079102	41.4129981994629	0.00549742998555303	46.2990989685059
0.345916341757402	38.5490074157715	41.5130004882813	0.0054892199113965	46.3992004394531
0.346809742040932	38.6844825744629	41.6129989624023	0.00553308008238673	46.4990005493164
0.347583991242573	38.7998466491699	41.7130012512207	0.00554312020540237	46.5989990234375
0.348477362422273	38.9254608154297	41.8129997253418	0.00554312020540237	46.6990013122559
0.349430309142917	39.0531272888184	41.9129981994629	0.0055469898506999	46.798999786377
0.350264133885503	39.1585083007813	42.0130004882813	0.0055469898506999	46.898998260498
0.351157505065203	39.2500915527344	42.1129989624023	0.0055706799030304	46.9990005493164
0.351931783370674	39.3195533752441	42.2130012512207	0.00557023007422686	47.0989990234375
0.352706032572314	39.4172172546387	42.3129997253418	0.00559727987274528	47.1990013122559
0.353480310877785	39.4976119995117	42.4129981994629	0.00562877999618649	47.298999786377
0.354254560079426	39.6009063720703	42.5130004882813	0.00562877999618649	47.398998260498
0.354909716406837	39.6864738464355	42.6129989624023	0.00563061982393265	47.4990005493164
0.355683965608478	39.7813453674316	42.7130012512207	0.00566639984026551	47.5989990234375
0.356696458766237	39.9561309814453	42.8129997253418	0.00567885022610426	47.6990013122559
0.357768527464941	40.0931396484375	42.9129981994629	0.00568869011476636	47.798999786377
0.358542776666582	40.1629791259766	43.0130004882813	0.00573153980076313	47.898998260498
0.359317025868222	40.241283416748	43.1129989624023	0.00576137006282806	47.9990005493164
0.360210426151752	40.3510665893555	43.2130012512207	0.00570571003481746	48.0989990234375
0.361044250894338	40.429069519043	43.3129997253418	0.00575217977166176	48.1988983154297
0.361878046533093	40.5610084533691	43.4129981994629	0.00575840007513762	48.298900604248
0.362414080882445	40.6314811706543	43.5130004882813	0.00579709000885487	48.398998260498
0.363188359187916	40.7404441833496	43.6129989624023	0.00581082981079817	48.4990005493164
0.36426039878279	40.87451171875	43.7130012512207	0.00579763017594814	48.5988998413086
0.36515376996249	40.9745712280273	43.8129997253418	0.00579315982758999	48.6990013122559
0.36604717024602	41.0822830200195	43.9129981994629	0.00579315982758999	48.798999786377
0.366880994988605	41.1526565551758	44.0130004882813	0.00581711996346712	48.8988990783691
0.367774366168305	41.2677688598633	44.1129989624023	0.00584489991888404	48.9990005493164
0.368608190910891	41.3607940673828	44.2130012512207	0.00588632980361581	49.0989990234375
0.369322893675417	41.4663391113281	44.3129997253418	0.00589442998170853	49.1990013122559
0.370097142877057	41.5668907165527	44.4129981994629	0.0057336101308465	49.298900604248
0.370811845641583	41.6702880859375	44.5130004882813	0.00595394987612963	49.398998260498
0.371586123947054	41.768798828125	44.6129989624023	0.0060029299929738	49.4990005493164
0.372539041563869	41.8888130187988	44.7130012512207	0.00592966005206108	49.5989990234375
0.373670656699687	42.0214920043945	44.8129997253418	0.00594886997714639	49.6988983154297
0.374504481442273	42.1152114868164	44.9129981994629	0.00594886997714639	49.798900604248
0.375219184206799	42.170955657959	45.0130004882813	0.00598071003332734	49.8988990783691
0.376112555386499	42.2897872924805	45.1129989624023	0.00598071003332734	49.9989013671875
0.376946380129084	42.4043312072754	45.2130012512207	0.00609194999560714	50.0989990234375
0.37766108289361	42.4778785705566	45.3129997253418	0.00609801989048719	50.1990013122559
0.378494907636195	42.6050148010254	45.4129981994629	0.00611936021596193	50.2991981506348
0.379269156837836	42.7236747741699	45.5130004882813	0.00609852001070976	50.398998260498
0.380102981580421	42.8212738037109	45.6129989624023	0.00609852001070976	50.4990005493164
0.380877259885892	42.8987045288086	45.7130012512207	0.00614529987797141	50.5988998413086
0.381711084628478	42.9600601196289	45.8129997253418	0.00615805992856622	50.6988983154297
0.382604455808178	43.0507621765137	45.9129981994629	0.00614908011630177	50.798999786377
0.383676495403051	43.1890144348145	46.0130004882813	0.00621266989037395	50.898998260498
0.384391198167577	43.2867393493652	46.1129989624023	0.00618606992065907	50.9989013671875
0.385165476473048	43.371223449707	46.2130012512207	0.00622035004198551	51.0988998413086
0.385939725674689	43.4820213317871	46.3129997253418	0.00620643002912402	51.1988983154297
0.38671400398016	43.6061058044434	46.4129981994629	0.00623172987252474	51.298900604248
0.387666921596974	43.7128028869629	46.5130004882813	0.00626744003966451	51.3988990783691
0.388619868317619	43.805046081543	46.6129989624023	0.00628100009635091	51.4989013671875
0.389334571082145	43.8884735107422	46.7130012512207	0.00629513990134001	51.5988006591797
0.390227942261845	43.9696044921875	46.8129997253418	0.00629513990134001	51.6988983154297
0.39118088898249	44.0756721496582	46.9129981994629	0.00632190983742476	51.7988014221191
0.39207426016219	44.1911582946777	47.0130004882813	0.00632430007681251	51.8988990783691
0.392788962926716	44.2872695922852	47.1129989624023	0.00638754013925791	51.9989013671875
0.393563241232187	44.3923187255859	47.2130012512207	0.00643650023266673	52.0988998413086
0.39475440280512	44.5754165649414	47.3129997253418	0.00628456007689238	52.1988983154297
0.395171315176412	44.603385925293	47.4129981994629	0.00624097976833582	52.298900604248
0.396005139918998	44.6886520385742	47.5130004882813	0.00624097976833582	52.3988990783691
0.397136755054817	44.8471641540527	47.6129989624023	0.00640540989115834	52.4989013671875
0.397494091885164	44.8178672790527	47.7130012512207	0.00640275981277227	52.5988998413086
0.398089701775461	44.8518447875977	47.8129997253418	0.00641751009970903	52.6988983154297
0.399638200178742	45.0953483581543	47.9129981994629	0.00642090989276767	52.7988014221191
0.400412478484213	45.191463470459	48.0130004882813	0.00642090989276767	52.8988990783691
0.401186727685854	45.3033027648926	48.1129989624023	0.00636916980147362	52.9989013671875
0.401961005991325	45.4034729003906	48.2130012512207	0.00641111982986331	53.0988006591797
0.402735255192965	45.4900741577148	48.3129997253418	0.00643558986485004	53.1987991333008
0.403509533498436	45.5772476196289	48.4129981994629	0.0064562801271677	53.2988014221191
0.404224236262962	45.6363372802734	48.5130004882813	0.00660976022481918	53.3988990783691
0.405236729420722	45.7560348510742	48.6129989624023	0.00659532006829977	53.4989013671875
0.406249222578481	45.8568115234375	48.7130012512207	0.00659532006829977	53.5988998413086
0.407023471780121	45.9288711547852	48.8129997253418	0.00644110981374979	53.6988983154297
0.407797750085592	46.0398941040039	48.9129981994629	0.00644110981374979	53.798900604248
0.408691121265292	46.1446113586426	49.0130004882813	0.00652704015374184	53.8988990783691
0.409465370466933	46.254207611084	49.1129989624023	0.00653599016368389	53.9989013671875
0.410358770750463	46.3639717102051	49.2130012512207	0.00652751978486776	54.0988998413086
0.41095435153693	46.4221000671387	49.3129997253418	0.00656718015670776	54.1988983154297
0.411549932323396	46.4535865783691	49.4129981994629	0.00656636990606785	54.298900604248
0.412562425481156	46.5526237487793	49.5130004882813	0.0065662101842463	54.3987998962402
0.41363449417986	46.679744720459	49.6129989624023	0.00658898986876011	54.4987983703613
0.414349196944386	46.7525062561035	49.7130012512207	0.00660332012921572	54.5988998413086
0.415063899708912	46.8167037963867	49.8129997253418	0.00661998987197876	54.6987991333008
0.415897724451497	46.9424362182617	49.9129981994629	0.00665629981085658	54.7988014221191
0.416552851675078	47.0409240722656	50.0130004882813	0.00649465993046761	54.8987998962402
0.417267554439604	47.1207008361816	50.1129989624023	0.00649465993046761	54.9987983703613
0.41798225720413	47.1926918029785	50.2130012512207	0.00665675988420844	55.0988006591797
0.419054325902835	47.314022064209	50.3129997253418	0.00663605006411672	55.1987991333008
0.41988815064542	47.3773880004883	50.4129981994629	0.00666315015405416	55.2988014221191
0.420721946284175	47.453685760498	50.5130004882813	0.00668566999956965	55.3987998962402
0.421615346567705	47.5436248779297	50.6129989624023	0.00668566999956965	55.4987983703613
0.422508717747405	47.6631088256836	50.7130012512207	0.00671932008117437	55.5988006591797
0.42346166446805	47.8023300170898	50.8129997253418	0.00684109982103109	55.6987991333008
0.424295460106805	47.9040908813477	50.9129981994629	0.00685615977272391	55.798698425293
0.425069738412276	48.0276184082031	51.0130004882813	0.00687777018174529	55.8987998962402
0.425843987613916	48.116397857666	51.1129989624023	0.00688590994104743	55.9987983703613
0.426618265919387	48.1732940673828	51.2130012512207	0.00686497008427978	56.0988006591797
0.427511637099087	48.2481384277344	51.3129997253418	0.00686497008427978	56.1987991333008
0.428345461841673	48.3492813110352	51.4129981994629	0.00689597986638546	56.2988014221191
0.429119711043313	48.4008827209473	51.5130004882813	0.00694483984261751	56.3987998962402
0.430191779742017	48.5276145935059	51.6129989624023	0.00694662006571889	56.4987983703613
0.431085150921717	48.6393508911133	51.7130012512207	0.00694135995581746	56.5988006591797
0.431918975664303	48.7742729187012	51.8129997253418	0.00696985982358456	56.6987991333008
0.432693224865943	48.8655815124512	51.9129981994629	0.00697162980213761	56.7988014221191
0.433646171586588	48.9983787536621	52.0130004882813	0.00699053006246686	56.8987998962402
0.434360874351114	49.0673065185547	52.1129989624023	0.00699899019673467	56.9987983703613
0.435194699093699	49.1080131530762	52.2130012512207	0.00698516983538866	57.0988006591797
0.436028523836285	49.2087898254395	52.3129997253418	0.0070027899928391	57.1987991333008
0.436802773037925	49.281608581543	52.4129981994629	0.00702532008290291	57.2988014221191
0.437696144217625	49.3626022338867	52.5130004882813	0.00706634996458888	57.3987998962402
0.438589544501156	49.4876556396484	52.6129989624023	0.00706186983734369	57.4987983703613
0.439304247265682	49.5968437194824	52.7130012512207	0.0070672701112926	57.5987014770508
0.440197618445382	49.7215270996094	52.8129997253418	0.00709458999335766	57.6987991333008
0.440912321209908	49.7900466918945	52.9129981994629	0.00707542011514306	57.7988014221191
0.441746145952493	49.879207611084	53.0130004882813	0.00707542011514306	57.8987998962402
0.442460848717019	49.913459777832	53.1129989624023	0.0070881200954318	57.9986991882324
0.443413795437664	50.0174827575684	53.2130012512207	0.00711455987766385	58.0988006591797
0.444247591076419	50.0911979675293	53.3129997253418	0.00714167999103665	58.1986999511719
0.445081415819004	50.1747703552246	53.4129981994629	0.00715810991823673	58.2988014221191
0.44579611858353	50.2690811157227	53.5130004882813	0.00716667994856834	58.3987998962402
0.446451274910942	50.35498046875	53.6129989624023	0.00719618983566761	58.4987983703613
0.447642436483875	50.5060119628906	53.7130012512207	0.00722065987065434	58.5988006591797
0.44859538320452	50.6423454284668	53.8129997253418	0.00723602017387748	58.6987991333008
0.449250539531931	50.6972961425781	53.9129981994629	0.00725241005420685	58.798698425293
0.450084335170686	50.7684745788574	54.0130004882813	0.00723809003829956	58.8987998962402
0.450918159913272	50.8472671508789	54.1129989624023	0.00723069999366999	58.9987983703613
0.451692438218743	50.8985252380371	54.2130012512207	0.00726287020370364	59.0988006591797
0.452585809398443	50.9689483642578	54.3129997253418	0.00727620022371411	59.1987991333008
0.453181390184909	51.013355255127	54.4129981994629	0.00731693999841809	59.2988014221191
0.454253458883613	51.1499443054199	54.5130004882813	0.00734339002519846	59.3987998962402
0.455206376500428	51.2981376647949	54.6129989624023	0.00732355006039143	59.4986991882324
0.456040201243013	51.4110488891602	54.7130012512207	0.00734385987743735	59.5987014770508
0.456874025985599	51.498908996582	54.8129997253418	0.00737167010083795	59.6986999511719
0.457588728750125	51.5523262023926	54.9129981994629	0.0073776300996542	59.798698425293
0.45842255349271	51.6269378662109	55.0130004882813	0.00737590016797185	59.8987007141113
0.45919680269435	51.6697082519531	55.1129989624023	0.00741061009466648	59.9986991882324
0.459971080999821	51.7409400939941	55.2130012512207	0.00740269012749195	60.0987014770508
0.460923998616636	51.8614349365234	55.3129997253418	0.00740652019158006	60.1986999511719
0.461698276922107	51.9672164916992	55.4129981994629	0.00737333996221423	60.298698425293
0.462234311271459	52.0285339355469	55.5130004882813	0.00738641014322639	60.3987007141113
0.463246804429218	52.1598510742188	55.6129989624023	0.00738641014322639	60.4986991882324
0.464437966002151	52.3217735290527	55.7130012512207	0.0074066398665309	60.5987014770508
0.465212244307622	52.4117813110352	55.8129997253418	0.00739229982718825	60.6986999511719
0.465986493509263	52.4470176696777	55.9129981994629	0.00742697017267346	60.798698425293
0.466820318251848	52.5078353881836	56.0130004882813	0.00749125983566046	60.8987007141113
0.467713689431548	52.5933494567871	56.1129989624023	0.00749125983566046	60.9986991882324
0.468487967737019	52.6588516235352	56.2130012512207	0.0074464101344347	61.0987014770508
0.469500460894778	52.8030776977539	56.3129997253418	0.00730716018006206	61.1986999511719
0.470512954052538	52.953929901123	56.4129981994629	0.00737167987972498	61.298698425293
0.471346778795123	53.0582847595215	56.5130004882813	0.00737167987972498	61.3987007141113
0.472180574433878	53.1584663391113	56.6129989624023	0.00760162016376853	61.4986991882324
0.473193096695468	53.2937812805176	56.7130012512207	0.00706735998392105	61.5987014770508
0.474086467875168	53.364860534668	56.8129997253418	0.00706735998392105	61.6986999511719
0.474860717076808	53.4057807922363	56.9129981994629	0.00770328007638454	61.798698425293
0.475575419841334	53.4604187011719	57.0130004882813	0.00761293014511466	61.8987007141113
0.476349698146805	53.5355033874512	57.1129989624023	0.00787580013275146	61.9986991882324
0.477064400911331	53.6060523986816	57.2130012512207	0.00775498989969492	62.0987014770508
0.478017318528146	53.7211990356445	57.3129997253418	0.00775498989969492	62.1986999511719
0.478732021292672	53.7964820861816	57.4129981994629	0.00773150008171797	62.2985992431641
0.479565846035257	53.8950042724609	57.5130004882813	0.00772101990878582	62.3987007141113
0.480399670777842	53.9788436889648	57.6129989624023	0.00769466022029519	62.4986991882324
0.481173949083313	54.0434722900391	57.7130012512207	0.00769466022029519	62.5987014770508
0.481948198284954	54.0804405212402	57.8129997253418	0.00773283978924155	62.698600769043
0.482782023027539	54.1558723449707	57.9129981994629	0.00773310009390116	62.798698425293
0.483496725792065	54.207332611084	58.0130004882813	0.00773310009390116	62.8987007141113
0.484032760141417	54.242488861084	58.1129989624023	0.00777200981974602	62.9986991882324
0.484866584884003	54.3597068786621	58.2130012512207	0.00777092017233372	63.0985984802246
0.485640834085643	54.4579887390137	58.3129997253418	0.00778710003942251	63.1986999511719
0.486295990413055	54.5255889892578	58.4129981994629	0.00780241005122662	63.2985992431641
0.487487151985988	54.6810455322266	58.5130004882813	0.00772796990349889	63.3987007141113
0.488142279209569	54.7251091003418	58.6129989624023	0.00779693014919758	63.4986000061035
0.488678342662752	54.7194175720215	58.7130012512207	0.00780965015292168	63.5987014770508
0.489929050672799	54.8635330200195	58.8129997253418	0.00783452019095421	63.6986999511719
0.490822421852499	54.9536781311035	58.9129981994629	0.00782484002411366	63.798698425293
0.491537153720856	55.000186920166	59.0130004882813	0.00787030998617411	63.8986015319824
0.492430524900556	55.1032829284668	59.1129989624023	0.00782296992838383	63.9986991882324
0.493264349643141	55.2134094238281	59.2130012512207	0.00782296992838383	64.0987014770508
0.494157720822841	55.3270149230957	59.3129997253418	0.00781391002237797	64.1986999511719
0.495110638439655	55.4271087646484	59.4129981994629	0.00781391002237797	64.298698425293
0.496123160701245	55.5563583374023	59.5130004882813	0.00785673037171364	64.3985977172852
0.497016531880945	55.6292381286621	59.6129989624023	0.00786925014108419	64.4985961914063
0.49785035662353	55.6824111938477	59.7130012512207	0.00784896034747362	64.5986022949219
0.498624634929001	55.7214431762695	59.8129997253418	0.00789923965930939	64.698600769043
0.499458401463926	55.8124961853027	59.9129981994629	0.00789923965930939	64.7985992431641
0.500232679769397	55.8823318481445	60.0130004882813	0.00794658996164799	64.8985977172852
0.501066504511982	55.994945526123	60.1129989624023	0.00794658996164799	64.9985961914063
0.501781236380339	56.0790672302246	60.2130012512207	0.00796252954751253	65.0986022949219
0.502615061122924	56.1632614135742	60.3129997253418	0.00796603970229626	65.198600769043
0.503567978739738	56.2478141784668	60.4129981994629	0.00796561967581511	65.2985992431641
0.504699593875557	56.38720703125	60.5130004882813	0.00797806959599257	65.3986968994141
0.505354721099138	56.4260292053223	60.6129989624023	0.00801569037139416	65.4987030029297
0.506069452967495	56.4757385253906	60.7130012512207	0.00800574012100697	65.5986022949219
0.507022370584309	56.5598602294922	60.8129997253418	0.00801339000463486	65.698600769043
0.507617951370776	56.6169052124023	60.9129981994629	0.00804091989994049	65.7985000610352
0.508153985720128	56.6684226989746	61.0130004882813	0.00833034981042147	65.8985977172852
0.509166507981718	56.7784309387207	61.1129989624023	0.00833034981042147	65.9985961914063
0.510119425598532	56.9162445068359	61.2130012512207	0.00895749032497406	66.0986022949219
0.511012796778232	56.9992599487305	61.3129997253418	0.00857609044760466	66.198600769043
0.511906167957932	57.081657409668	61.4129981994629	0.00833352003246546	66.2985992431641
0.512680446263403	57.1213798522949	61.5130004882813	0.00823760032653809	66.3985977172852
0.513633363880217	57.206844329834	61.6129989624023	0.00822789967060089	66.4985961914063
0.514348095748574	57.2708854675293	61.7130012512207	0.0078619197010994	66.5986022949219
0.515122315846384	57.3255615234375	61.8129997253418	0.0078619197010994	66.698600769043
0.515896594151855	57.4133110046387	61.9129981994629	0.00852103997021914	66.7985992431641
0.516611326020211	57.5008544921875	62.0130004882813	0.00867121014744043	66.8985977172852
0.517564243637025	57.6040534973145	62.1129989624023	0.00765996007248759	66.9985961914063
0.518457614816725	57.7006988525391	62.2130012512207	0.00816045980900526	67.0986022949219
0.519172346685082	57.7553405761719	62.3129997253418	0.00816045980900526	67.198600769043
0.520065717864782	57.8176689147949	62.4129981994629	0.00862636975944042	67.2985992431641
0.521137786563486	57.9184417724609	62.5130004882813	0.00862636975944042	67.3985977172852
0.521912006661296	57.9873390197754	62.6129989624023	0.00868930015712976	67.4984970092773
0.522626738529652	58.0508117675781	62.7130012512207	0.00878981035202742	67.5986022949219
0.523341412190348	58.1197547912598	62.8129997253418	0.00884286966174841	67.698600769043
0.524175236932933	58.2064476013184	62.9129981994629	0.00898133963346481	67.7985000610352
0.525068608112633	58.3194847106934	63.0130004882813	0.00898133963346481	67.8984985351563
0.52578333998099	58.3813018798828	63.1129989624023	0.00900494027882814	67.9985961914063
0.526736257597804	58.465892791748	63.2130012512207	0.00786819029599428	68.098503112793
0.527629628777504	58.5256958007813	63.3129997253418	0.00837540999054909	68.198600769043
0.528463453520089	58.6076431274414	63.4129981994629	0.00862964987754822	68.2985000610352
0.52923773182556	58.6687278747559	63.5130004882813	0.00878665037453175	68.3983993530273
0.53013110300526	58.7602500915527	63.6129989624023	0.00900468975305557	68.4984970092773
0.530964927747846	58.8570518493652	63.7130012512207	0.00905708037316799	68.5983963012695
0.531739206053317	58.9295768737793	63.8129997253418	0.00907917972654104	68.698600769043
0.532513426151127	59.0172882080078	63.9129981994629	0.00910232029855251	68.7985000610352
0.533287704456598	59.1116600036621	64.0130004882813	0.00911435019224882	68.8984985351563
0.534240622073412	59.1885871887207	64.1129989624023	0.00913652963936329	68.9984970092773
0.535193597897887	59.2624664306641	64.2129974365234	0.00917171966284513	69.098503112793
0.535908271558583	59.2756690979004	64.3130035400391	0.00916806980967522	69.1985015869141
0.536861247383058	59.3739585876465	64.4130020141602	0.00916806980967522	69.2985000610352
0.537754618562758	59.4675140380859	64.5130004882813	0.00917533040046692	69.3984985351563
0.538647989742458	59.5662384033203	64.6129989624023	0.00921077001839876	69.4984970092773
0.539362663403153	59.6417999267578	64.7129974365234	0.00921228993684053	69.598503112793
0.54007739527151	59.7166748046875	64.8130035400391	0.00918836984783411	69.6985015869141
0.5410899175331	59.834774017334	64.9130020141602	0.00918836984783411	69.7985000610352
0.541923684068024	59.8866500854492	65.0130004882813	0.00921475980430841	69.8984985351563
0.542697962373495	59.9419288635254	65.1129989624023	0.00923573039472103	69.9984970092773
0.543472240678966	59.993335723877	65.2129974365234	0.00925485976040363	70.098503112793
0.544186914339662	60.010311126709	65.3130035400391	0.00927450973540545	70.1985015869141
0.545258983038366	60.1335639953613	65.4130020141602	0.00931414030492306	70.2985000610352
0.546152354218066	60.2570266723633	65.5130004882813	0.00931948982179165	70.3984985351563
0.547045725397766	60.3648338317871	65.6129989624023	0.00930854957550764	70.4984970092773
0.547700910829008	60.4249534606934	65.7129974365234	0.00933920033276081	70.598503112793
0.548534735571593	60.4994697570801	65.8130035400391	0.00934057030826807	70.6985015869141
0.549428106751293	60.6299209594727	65.9130020141602	0.00932976044714451	70.7985000610352
0.550142780411988	60.6523323059082	66.0130004882813	0.00936647970229387	70.8984985351563
0.551036151591688	60.7138328552246	66.1129989624023	0.00936647970229387	70.9984970092773
0.551929580979049	60.7719535827637	66.2129974365234	0.00939674023538828	71.098503112793
0.552644254639745	60.8364143371582	66.3130035400391	0.00939358957111835	71.1985015869141
0.55347807938233	60.9111213684082	66.4130020141602	0.0094014797359705	71.2985000610352
0.554311904124916	61.0068778991699	66.5130004882813	0.00944168958812952	71.3984985351563
0.55526482174173	61.1224746704102	66.6129989624023	0.0094385202974081	71.4984970092773
0.556098646484315	61.2125473022461	66.7129974365234	0.0094300601631403	71.598503112793
0.556813378352672	61.2727584838867	66.8130035400391	0.00946938991546631	71.6985015869141
0.557647203095257	61.3244285583496	66.9130020141602	0.00946290045976639	71.7985000610352
0.558421423193067	61.3663482666016	67.0130004882813	0.00949637033045292	71.8984985351563
0.559195701498538	61.4136390686035	67.1129989624023	0.00949584972113371	71.9984970092773
0.560208223760128	61.5016975402832	67.2129974365234	0.00953525956720114	72.0983963012695
0.561101594939828	61.5891304016113	67.3130035400391	0.00953525956720114	72.1985015869141
0.561816268600523	61.6487617492676	67.4130020141602	0.0095284404233098	72.2985000610352
0.562650093343109	61.750862121582	67.5130004882813	0.00953118968755007	72.3983993530273
0.563543464522809	61.8503150939941	67.6129989624023	0.00955106969922781	72.4984970092773
0.564377289265394	61.9319076538086	67.7129974365234	0.00956609006971121	72.5983963012695
0.56521111400798	61.9715194702148	67.8130035400391	0.00956278014928102	72.6985015869141
0.565925845876336	61.9996109008789	67.9130020141602	0.00958866998553276	72.7984008789063
0.566759670618922	62.0595169067383	68.0130004882813	0.00958866998553276	72.8983993530273
0.567712588235736	62.1432647705078	68.1129989624023	0.00960193015635014	72.9983978271484
0.568605959415436	62.224723815918	68.2129974365234	0.00960224959999323	73.0983963012695
0.569439784158021	62.3277854919434	68.3130035400391	0.00903376005589962	73.1984024047852
0.570273608900607	62.407901763916	68.4130020141602	0.00938975997269154	73.2984008789063
0.571107433643192	62.4889183044434	68.5130004882813	0.00938975997269154	73.3983993530273
0.571822107303888	62.5599365234375	68.6129989624023	0.00987690035253763	73.4983978271484
0.572536839172244	62.5983963012695	68.7129974365234	0.00973918009549379	73.5983963012695
0.573311117477715	62.6362037658691	68.8130035400391	0.00973370019346476	73.6984024047852
0.574204488657415	62.69970703125	68.9130020141602	0.00971233006566763	73.7984008789063
0.575097859837115	62.7665214538574	69.0130004882813	0.00969391968101263	73.8983993530273
0.576169928535819	62.8869705200195	69.1129989624023	0.00994906015694141	73.9983978271484
0.5768250557594	62.9315490722656	69.2129974365234	0.00994906015694141	74.0983963012695
0.577658880501986	63.0136680603027	69.3130035400391	0.00986338034272194	74.1984024047852
0.5786117981188	63.129222869873	69.4130020141602	0.00987908989191055	74.2984008789063
0.579088286031038	63.155590057373	69.5130004882813	0.00986518990248442	74.3983993530273
0.579981657210737	63.2320861816406	69.6129989624023	0.00985595025122166	74.4982986450195
0.580994179472327	63.3301429748535	69.7129974365234	0.00987161044031382	74.5983963012695
0.581768399570137	63.3612022399902	69.8130035400391	0.00982343964278698	74.6984024047852
0.582542677875608	63.4054183959961	69.9130020141602	0.0106900995597243	74.7984008789063
0.583495595492423	63.4745864868164	70.0130004882813	0.0103441998362541	74.8983993530273
0.584329420235008	63.5529747009277	70.1129989624023	0.00998327042907476	74.9983978271484
0.585222791414708	63.6716423034668	70.2129974365234	0.00998828001320362	75.098503112793
0.586235313676298	63.7971839904785	70.3130035400391	0.00997294019907713	75.1984024047852
0.587247777730227	63.9029579162598	70.4130020141602	0.00997294019907713	75.2984008789063
0.587902963161469	63.9337921142578	70.5130004882813	0.00994602032005787	75.3983993530273
0.588438997510821	63.9441413879395	70.6129989624023	0.00999442953616381	75.4983978271484
0.589391915127635	63.9998359680176	70.7129974365234	0.0099983299151063	75.5982971191406
0.590285286307335	64.048583984375	70.8130035400391	0.0100090997293591	75.6984024047852
0.591178657487035	64.1613693237305	70.9130020141602	0.0100424000993371	75.7984008789063
0.59201248222962	64.2377624511719	71.0130004882813	0.010050400160253	75.8983993530273
0.592846306972206	64.3228759765625	71.1129989624023	0.0100311003625393	75.9983978271484
0.593739678151906	64.416618347168	71.2129974365234	0.0100841000676155	76.0983963012695
0.594752200413495	64.5512084960938	71.3130035400391	0.0100573999807239	76.1983032226563
0.595586025156081	64.6259918212891	71.4130020141602	0.0100343003869057	76.2984008789063
0.596181605942547	64.6193389892578	71.5130004882813	0.0102051999419928	76.3983993530273
0.596896279603243	64.6455078125	71.6129989624023	0.0102051999419928	76.4982986450195
0.597730104345828	64.7119979858398	71.7129974365234	0.0101316999644041	76.5982971191406
0.598206592258066	64.693977355957	71.8130035400391	0.0102414004504681	76.6983032226563
0.598861719481647	64.7228088378906	71.9130020141602	0.0101448995992541	76.7983016967773
0.60017203213647	64.9077529907227	72.0130004882813	0.0101442001760006	76.8983001708984
0.60106540331617	65.0179214477539	72.1129989624023	0.010134999640286	76.9982986450195
0.601899228058755	65.0806198120117	72.2129974365234	0.0101479003205895	77.0982971191406
0.602673506364226	65.176628112793	72.3130035400391	0.0101479003205895	77.1983032226563
0.603328633587807	65.1933975219727	72.4130020141602	0.0102177998051047	77.2983016967773
0.604162458330393	65.2174758911133	72.5130004882813	0.0102174002677202	77.3983001708984
0.604936736635864	65.2627944946289	72.6129989624023	0.0102035002782941	77.4982986450195
0.605710956733674	65.2963485717773	72.7129974365234	0.01021150033921	77.5982971191406
0.60630653752014	65.3217010498047	72.8130035400391	0.01021150033921	77.6983032226563
0.607140362262726	65.411491394043	72.9130020141602	0.0102524999529123	77.7983016967773
0.608152884524316	65.5238189697266	73.0130004882813	0.0102524999529123	77.8983001708984
0.609046255704015	65.6316986083984	73.1129989624023	0.0102621000260115	77.9982986450195
0.609880080446601	65.7023010253906	73.2129974365234	0.0102904997766018	78.0982971191406
0.610773451626301	65.7771301269531	73.3130035400391	0.0102939000353217	78.1983032226563
0.611607276368886	65.8468399047852	73.4130020141602	0.0103141004219651	78.2983016967773
0.612500647548586	65.879508972168	73.5130004882813	0.0103141004219651	78.3983001708984
0.613215379416943	65.9005355834961	73.6129989624023	0.010342700406909	78.5022964477539
0.613989599514753	65.9796829223633	73.7129974365234	0.0103781996294856	78.5982971191406
0.614882970694453	66.0793914794922	73.8130035400391	0.0103682996705174	78.6983032226563
0.615835946518928	66.1940231323242	73.9130020141602	0.0104796001687646	78.7983016967773
0.616908015217632	66.320426940918	74.0130004882813	0.010512700304389	78.8983001708984
0.617741781752557	66.3989868164063	74.1129989624023	0.010495999827981	78.9982986450195
0.618635211139917	66.473388671875	74.2129974365234	0.010495999827981	79.0982971191406
0.619469035882503	66.5380859375	74.3130035400391	0.0104214996099472	79.1983032226563
0.620243255980313	66.5658950805664	74.4130020141602	0.010466399602592	79.2983016967773
0.621196231804788	66.625244140625	74.5130004882813	0.01044060010463	79.3983993530273
0.621851359028369	66.6560668945313	74.6129989624023	0.0104732997715473	79.4982986450195
0.62262563733384	66.7243957519531	74.7129974365234	0.0104732997715473	79.5982971191406
0.623459462076426	66.7912063598633	74.8130035400391	0.0105547001585364	79.6983032226563
0.624352833256125	66.880256652832	74.9130020141602	0.0105547001585364	79.7983016967773
0.625127053353935	66.9578628540039	75.0130004882813	0.0105953002348542	79.8982009887695
0.626080029178411	67.0610580444336	75.1129989624023	0.010589100420475	79.9982986450195
0.626913853920996	67.1085968017578	75.2129974365234	0.0106205996125937	80.0983963012695
0.627747678663582	67.1534805297852	75.3130035400391	0.010619199834764	80.1981964111328
0.628521898761392	67.1820678710938	75.4130020141602	0.010619199834764	80.2983016967773
0.629296177066863	67.2216033935547	75.5130004882813	0.010644800029695	80.3983001708984
0.630070455372334	67.2753601074219	75.6129989624023	0.010644800029695	80.5044021606445
0.630785129033029	67.3470230102539	75.7129974365234	0.0106640998274088	80.5982971191406
0.631618953775615	67.4297409057617	75.8130035400391	0.0106883998960257	80.7081985473633
0.63257192960009	67.5339889526367	75.9130020141602	0.0106883998960257	80.7982025146484
0.633643940091133	67.6495971679688	76.0130004882813	0.0107607003301382	80.8983001708984
0.63435867195949	67.6839294433594	76.1129989624023	0.0107607003301382	80.9981994628906
0.634954252745956	67.6890716552734	76.2129974365234	0.0107471002265811	81.0981979370117
0.635966716799885	67.7627105712891	76.3130035400391	0.0107559999451041	81.1981964111328
0.636860146187246	67.8349533081055	76.4130020141602	0.0107297003269196	81.2982025146484
0.63769391272217	67.9002685546875	76.5130004882813	0.0107773002237082	81.3982009887695
0.638349098153412	67.9466552734375	76.6129989624023	0.0107773002237082	81.4981994628906
0.639123318251222	68.0163269042969	76.7129974365234	0.0107605997473001	81.5981979370117
0.640195386949927	68.1561737060547	76.8130035400391	0.0107878996059299	81.6981964111328
0.641029211692512	68.2251434326172	76.9130020141602	0.0108121000230312	81.7982025146484
0.642041733954102	68.3068618774414	77.0130004882813	0.0108121000230312	81.8982009887695
0.642756407614797	68.3450927734375	77.1129989624023	0.0112493000924587	81.9981994628906
0.643471139483154	68.3746871948242	77.2129974365234	0.011069499887526	82.0981979370117
0.644364510662854	68.41455078125	77.3130035400391	0.011069499887526	82.1981964111328
0.645317428279668	68.5267486572266	77.4130020141602	0.0108447996899486	82.2982025146484
0.646091706585139	68.5838165283203	77.5130004882813	0.0109053999185562	82.3982009887695
0.64674683380872	68.6154861450195	77.6129989624023	0.0109107000753284	82.4981994628906
0.647521112114191	68.6825866699219	77.7129974365234	0.0109107000753284	82.5981979370117
0.648474029731005	68.7921676635742	77.8130035400391	0.0109235998243093	82.6981964111328
0.649486551992595	68.8821792602539	77.9130020141602	0.0109278000891209	82.7982025146484
0.650379923172295	68.9521942138672	78.0130004882813	0.0109278000891209	82.8982009887695
0.651154201477766	68.9694290161133	78.1129989624023	0.0109742004424334	82.9981994628906
0.652047572657466	69.0273284912109	78.2129974365234	0.0109742004424334	83.0981979370117
0.652821850962937	69.0658493041992	78.3130035400391	0.0109965996816754	83.1981964111328
0.653476978186518	69.1022796630859	78.4130020141602	0.0109756998717785	83.2982025146484
0.654370349366218	69.1754684448242	78.5130004882813	0.0109756998717785	83.3982009887695
0.655263720545918	69.2560195922852	78.6129989624023	0.0109949000179768	83.4981994628906
0.656097545288503	69.3587875366211	78.7129974365234	0.0109949000179768	83.5981979370117
0.656871823593974	69.3927154541016	78.8130035400391	0.0109986001625657	83.6981964111328
0.657824741210788	69.4742279052734	78.9130020141602	0.0109986001625657	83.7982025146484
0.658539473079145	69.493782043457	79.0130004882813	0.01105219963938	83.8982009887695
0.659492390695959	69.5570526123047	79.1129989624023	0.0110457995906472	83.9981994628906
0.660326215438545	69.6001892089844	79.2129974365234	0.0110457995906472	84.0981979370117
0.66104088909924	69.6480026245117	79.3130035400391	0.0110548995435238	84.1981964111328
0.661874713841826	69.7438659667969	79.4130020141602	0.0110930996015668	84.2981033325195
0.662589445710182	69.8012771606445	79.5130004882813	0.0111744003370404	84.3982009887695
0.663363724015653	69.8522262573242	79.6129989624023	0.0111734997481108	84.4981994628906
0.664197490550578	69.8984909057617	79.7129974365234	0.0111734997481108	84.5981979370117
0.665031315293163	69.9578323364258	79.8130035400391	0.0111301001161337	84.6980972290039
0.665924744680524	70.0091552734375	79.9130020141602	0.0111132003366947	84.7982025146484
0.667056359816343	70.1219863891602	80.0130004882813	0.0111365001648664	84.8982009887695
0.667532789520919	70.1002197265625	80.1129989624023	0.0110740000382066	84.9981994628906
0.668366614263505	70.1521835327148	80.2129974365234	0.0112442998215556	85.0980987548828
0.669379136525095	70.2895812988281	80.3130035400391	0.0112771997228265	85.1981964111328
0.669676926918328	70.2586441040039	80.4130020141602	0.0112771997228265	85.2982025146484
0.670570298098028	70.3146743774414	80.5130004882813	0.0113006997853518	85.3982009887695
0.671642366796732	70.4537124633789	80.6129989624023	0.0113006997853518	85.4981994628906
0.672476191539317	70.494499206543	80.7129974365234	0.0113287996500731	85.5981979370117
0.673429109156132	70.5399169921875	80.8130035400391	0.0113417999818921	85.6981964111328
0.674322480335832	70.5892105102539	80.9130020141602	0.011353200301528	85.7982025146484
0.675275397952646	70.6536712646484	81.0130004882813	0.0113485995680094	85.8982009887695
0.676049676258117	70.6981201171875	81.1129989624023	0.0113485995680094	85.9981994628906
0.676823954563588	70.7691497802734	81.2129974365234	0.0113997999578714	86.0981979370117
0.677776872180402	70.8605499267578	81.3130035400391	0.0114230997860432	86.1981964111328
0.678431999403983	70.9278793334961	81.4130020141602	0.011417300440371	86.2982025146484
0.67914673127234	70.9669418334961	81.5130004882813	0.0114011000841856	86.3982009887695
0.680099648889154	71.0398406982422	81.6129989624023	0.0114011000841856	86.4981994628906
0.680873927194625	71.0878295898438	81.7129974365234	0.0114129995927215	86.5981979370117
0.681767298374325	71.1315383911133	81.8130035400391	0.0114129995927215	86.6981964111328
0.682779820635915	71.222412109375	81.9130020141602	0.0114679001271725	86.7982025146484
0.68349449429661	71.2473526000977	82.0130004882813	0.011485000140965	86.8982009887695
0.68438786547631	71.3407897949219	82.1129989624023	0.0114144999533892	86.9981002807617
0.685579027049243	71.4995498657227	82.2129974365234	0.0114200003445148	87.0980987548828
0.6862937589176	71.5820693969727	82.3130035400391	0.0114200003445148	87.1980972290039
0.686710642185062	71.5694808959961	82.4130020141602	0.0114227002486587	87.2981033325195
0.687723164446652	71.6334686279297	82.5130004882813	0.0114344004541636	87.3981018066406
0.688616535626352	71.7054977416992	82.6129989624023	0.0114240003749728	87.4981002807617
0.689152569975704	71.6884689331055	82.7129974365234	0.0114690000191331	87.5999984741211
0.690165092237294	71.7718734741211	82.8130035400391	0.0114701995626092	87.6981964111328
0.691237102728337	71.8691940307617	82.9130020141602	0.0114775002002716	87.7981033325195
0.692190078552812	71.9498596191406	83.0130004882813	0.0114775002002716	87.8981018066406
0.693023903295398	72.0221939086914	83.1129989624023	0.0115938000380993	87.9981002807617
0.693679030518979	72.0464859008789	83.2129974365234	0.0115969004109502	88.0980987548828
0.69445330882445	72.111083984375	83.3130035400391	0.0115729002282023	88.1980972290039
0.695287133567035	72.1590423583984	83.4130020141602	0.0115547003224492	88.2981033325195
0.69612090010196	72.1859436035156	83.5130004882813	0.0115547003224492	88.3981018066406
0.696835631970316	72.2388687133789	83.6129989624023	0.0115689998492599	88.4981002807617
0.697669456712902	72.2615966796875	83.7129974365234	0.01157489977777	88.5980987548828
0.698741525411606	72.3590545654297	83.8130035400391	0.0116162998601794	88.6980972290039
0.699575350154191	72.4275970458984	83.9130020141602	0.0116696003824472	88.7981033325195
0.700349570252001	72.4644393920898	84.0130004882813	0.0115157999098301	88.8981018066406
0.701123848557472	72.5366668701172	84.1129989624023	0.0115799000486732	88.9981002807617
0.702017219737172	72.6366195678711	84.2129974365234	0.011565400287509	89.0980987548828
0.702731951605529	72.6534271240234	84.3130035400391	0.0115724001079798	89.1980972290039
0.703446625266224	72.6809005737305	84.4130020141602	0.0116141000762582	89.2981033325195
0.704220903571695	72.7120208740234	84.5130004882813	0.0119802001863718	89.3981018066406
0.704995181877166	72.7222442626953	84.6129989624023	0.011888699606061	89.4981002807617
0.705829006619751	72.7659683227539	84.7129974365234	0.0120559995993972	89.5980987548828
0.706781924236566	72.8509521484375	84.8130035400391	0.0119315003976226	89.6980972290039
0.707675295416266	72.9521102905273	84.9130020141602	0.0119315003976226	89.7981033325195
0.708509120158851	73.0401458740234	85.0130004882813	0.0117592001333833	89.8981018066406
0.709283398464322	73.0932388305664	85.1129989624023	0.0117301000282168	89.9981002807617
0.709998072125018	73.1353454589844	85.2129974365234	0.0116785001009703	90.0980987548828
0.710772350430489	73.1503524780273	85.3130035400391	0.0120831998065114	90.1980972290039
0.711606175173074	73.1807479858398	85.4130020141602	0.0120831998065114	90.2981033325195
0.712380453478545	73.2262115478516	85.5130004882813	0.0122956000268459	90.3980026245117
0.713214220013469	73.2585601806641	85.6129989624023	0.0123498002067208	90.4981002807617
0.71410764940083	73.3380126953125	85.7129974365234	0.0123846996575594	90.5980987548828
0.715060567017645	73.4124298095703	85.8130035400391	0.0123899998143315	90.6980972290039
0.716013484634459	73.5336074829102	85.9130020141602	0.0124923996627331	90.7979965209961
0.71678776293993	73.5929183959961	86.0130004882813	0.0124974995851517	90.8981018066406
0.717562041245401	73.6216583251953	86.1129989624023	0.0124974995851517	90.9980010986328
0.718395865987986	73.6770553588867	86.2129974365234	0.0124158998951316	91.0979995727539
0.719110539648682	73.669563293457	86.3130035400391	0.0124230002984405	91.197998046875
0.719944364391267	73.6855316162109	86.4130020141602	0.0124314995482564	91.2979965209961
0.720718642696738	73.726188659668	86.5130004882813	0.0124399997293949	91.3981018066406
0.721433316357434	73.7489013671875	86.6129989624023	0.01257190015167	91.4981002807617
0.722505385056138	73.8656921386719	86.7129974365234	0.0125588001683354	91.5980987548828
0.723458302672952	73.9755554199219	86.8130035400391	0.0125858997926116	91.697998046875
0.724470824934542	74.0934524536133	86.9130020141602	0.0127018997445703	91.7979965209961
0.725006859283894	74.1023406982422	87.0130004882813	0.0126550998538733	91.8980026245117
0.72572153294459	74.1262664794922	87.1129989624023	0.0126243000850081	91.9980010986328
0.726793601643294	74.2012786865234	87.2129974365234	0.01264030020684	92.0979995727539
0.727567879948765	74.2269744873047	87.3130035400391	0.01264030020684	92.197998046875
0.728282553609461	74.229736328125	87.4130020141602	0.0126270996406674	92.2979965209961
0.72917592478916	74.2743530273438	87.5130004882813	0.0126345995813608	92.3980026245117
0.730069354176521	74.3433837890625	87.6129989624023	0.0124591002240777	92.4980010986328
0.73108181823045	74.4657974243164	87.7129974365234	0.0125812999904156	92.5979995727539
0.73209434049204	74.5724716186523	87.8130035400391	0.0126088997349143	92.697998046875
0.73298771167174	74.6447601318359	87.9130020141602	0.0126841999590397	92.7979965209961
0.733702385332435	74.6681289672852	88.0130004882813	0.0127216000109911	92.8980026245117
0.734357570763677	74.6799087524414	88.1129989624023	0.0127090997993946	92.9980010986328
0.735131790861487	74.6766357421875	88.2129974365234	0.0128467995673418	93.0979995727539
0.736144313123077	74.7406997680664	88.3130035400391	0.0127822002395988	93.197998046875
0.736978137865663	74.8011856079102	88.4130020141602	0.0128217004239559	93.2979965209961
0.737692811526358	74.8096389770508	88.5130004882813	0.0127165000885725	93.3980026245117
0.738645787350833	74.902717590332	88.6129989624023	0.0127323996275663	93.4980010986328
0.739598704967648	74.9778747558594	88.7129974365234	0.0127323996275663	93.5979995727539
0.740492076147348	75.0571060180664	88.8130035400391	0.0127344997599721	93.697998046875
0.741445051971823	75.1174163818359	88.9130020141602	0.0127552002668381	93.7979965209961
0.74204063275829	75.0958862304688	89.0130004882813	0.0127397002652287	93.8980026245117
0.742755306418985	75.0919494628906	89.1129989624023	0.0127702997997403	94.0000991821289
0.743529584724456	75.1066131591797	89.2129974365234	0.012801700271666	94.097900390625
0.744244258385152	75.1088333129883	89.3130035400391	0.0127950003370643	94.197998046875
0.745078083127737	75.1353530883789	89.4130020141602	0.0127828000113368	94.2979965209961
0.745852361433208	75.189079284668	89.5130004882813	0.012767200358212	94.3980026245117
0.746686186175793	75.2588272094727	89.6129989624023	0.0127581004053354	94.4980010986328
0.747520010918379	75.2926559448242	89.7129974365234	0.0127523997798562	94.5979995727539
0.748592079617083	75.405143737793	89.8130035400391	0.0126558998599648	94.697998046875
0.749366299714893	75.4291534423828	89.9130020141602	0.0126558998599648	94.7979965209961
0.75008103158325	75.4253997802734	90.0130004882813	0.0125294001773	94.8980026245117
0.750795705243945	75.4314193725586	90.1129989624023	0.0124923000112176	94.9980010986328
0.751569983549416	75.4406890869141	90.2129974365234	0.0124823004007339	95.0979995727539
0.752344261854887	75.4808731079102	90.3130035400391	0.0125836003571749	95.197998046875
0.753118481952697	75.5117111206055	90.4130020141602	0.0125836003571749	95.2979965209961
0.754071457777172	75.6128845214844	90.5130004882813	0.0128135997802019	95.3980026245117
0.754905282519758	75.6541290283203	90.6129989624023	0.0128135997802019	95.4980010986328
0.755858200136572	75.7126388549805	90.7129974365234	0.0130911003798246	95.5979995727539
0.756930268835276	75.7908477783203	90.8130035400391	0.0129680996760726	95.697998046875
0.757525849621743	75.7900009155273	90.9130020141602	0.0128194997087121	95.7979965209961
0.758419220801443	75.7811050415039	91.0130004882813	0.0128613002598286	95.8980026245117
0.759372138418257	75.8190612792969	91.1129989624023	0.0128613002598286	95.9980010986328
0.759848626330495	75.7656555175781	91.2129974365234	0.0127705996856093	96.0979995727539
0.760503753554076	75.755989074707	91.3130035400391	0.0127681000158191	96.1978988647461
0.761754519771785	75.8641662597656	91.4130020141602	0.0129105998203158	96.2978973388672
0.762647890951484	75.8818206787109	91.5130004882813	0.0129225999116898	96.3980026245117
0.763660355005413	75.8877334594727	91.6129989624023	0.0129225999116898	96.4980010986328
0.764553784392774	75.7374877929688	91.7129974365234	0.0128686996176839	96.597900390625
0.76538760913536	75.5960464477539	91.8130035400391	0.0128319999203086	96.6978988647461
0.766221375670284	75.247428894043	91.9130020141602	0.0130086001008749	96.7978973388672
0.76693610753864	6.38240718841553	92.0130004882813	0.0130473002791405	96.8979034423828
0.766995653975755	-9.23429298400879	92.0169982910156	0.0130473002791405	96.8979034423828
